1000
4
240 367
6986909 113631575
972 1729
23 426
4
505 14192
24371903 24479335
301 2061
29 31
6
1949166988 2869876173
79 166
1 5
9 11
69 113
6 7
2
2020094591 4722825566
2313398 8335533
3
7 17
50210197437268 58675168691055
17 26
4
3 25
1 37
15 43
683217029467 868482341228
5
11 31
4 7
783568 4761641
60531 75275
169 426
5
5 7
1342 1875
7 13
396 691
65039991 89729728
3
11539455362 50212899397
8445 38896
10 21
1
7427215307259919 24459018048123432
3
29370 57193
295 492
791602471 826923553
2
14 43
1013170204596673 2067001190805237
2
3956851182742046 4871089078545011
15 16
2
101023445663 883278517454
36074 101661
2
1483 2039
5370224811559 7162640013030
6
1 4
4 59
7 29
20667 86615
66 559
4277 36731
5
5 19
106 175
1005854997 1243707524
150 593
2 29
2
1866429 57925171
259079465 372687007
2
60 2381
271849301939 4644595370480
3
5 11
203102 231027
9175713747 29643889618
4
1 5
4 17
8807991740289 38583702205996
1 7
4
37 41
14 17
31677 36830
1946511359 2061303273
3
130687140157 448988416043
629 3828
1 7
2
952185910380527 2687125348281376
5 27
4
13266 1191617
2695414 2856047
33 482
18 25
3
15215 81737
3293475269 4103644842
14 43
5
2365 54159
98 113
251 3718
12 67
30761 55919
6
143 230
102 151
64 83
26373 28583
7965 111397
5 7
4
11 205
7 11
59935229669 93419287902
112 127
4
2818 4833
5 16
969515417 14299709405
10 13
7
5 7
7091 54541
2 3
38 59
3 20
535397 635933
6 73
4
2088490324 3037842249
495 557
341 769
21 40
5
203 218
418052390 3662435873
4 13
1 3
422 541
5
12057 31144
6 7
2 3
3 31
187520968 608198789
3
4 389
346 1467
33723339237 51375646828
6
149 167
3 5
14 37
2 7
134 151
10558280 416101389
5
14943 38585
10369351 17992728
1 7
24 41
79 101
3
3105764284475 320101035487863
9 11
9 10
7
431 528
4 7
460 533
19 47
1043 8455
275 2791
4 17
5
78 511
12 13
535962 817745
2 3
618737 1499066
2
549815310383 5509067115255
4365 6616
4
4 5
22276697848984 49482570990633
5 13
23 28
2
4934989850176028 7360571453577931
3 7
6
4 31
125 326
19191607 46847565
1 17
270 317
12 13
5
10 13
3508 11437
3764 8943
767 956
64776 68135
5
6 11
469384 564655
80025 218453
8 373
7 24
5
776 1417
721 815
337 6401
275752 350271
5 8
3
7 58
52287685144507 72757668246341
5 7
5
26 43
5 11
91 131
32994506461 56405138208
12 13
3
2323548365941 3250415107385
53 138
100 113
3
9514 75563
3 23
3742558661 28165495650
3
3183563 3292872
3744 4469
1149980 5539873
5
42343 85636
482957 1545851
1363 2139
3 5
6 7
3
23417541 24457565
97691263 302370072
4 7
5
47 48
13 133
43874294 67267001
7 41
2146 2341
3
1 75
7398892395869 20419307174806
1 19
5
3 8
6 23
287577 661703
501104 1312195
85 123
3
153070668282 198942678485
11513 36244
2 3
2
3 10
149892354457034 4043603727271743
3
183574722369 210455486750
4597 23517
13 17
3
36 53
5 11
16934896310929 24702302417988
1
11154776694639493 15619670874827310
5
2 5
6329416788901 10036953283569
6 7
7 11
9 16
2
11 14
14788649887813 3902098757384293
2
663997898486123 1395667278715866
21 23
3
10 13
6747 9190
8290417657 275368601223
4
2 3
1 5
752658736798 1395150876797
2095 4144
2
62 425
48092867338497 65724042920236
5
190 311
3 29
26267779 68423496
1258 2509
4 11
5
565 566
5 13
8841150596 61448009981
9 19
2 7
4
7559 15227
103684015 241956673
2 5
1253 1459
2
12949 25044
1520998726353 3104979414067
5
3509 4498
526983 593741
3 11
7 9
21332 139063
4
3058279617 38275902716
52 277
54 59
61 65
3
862098478 1576878151
196774 741585
1 16
2
5223 19609
87529991871 949235345840
2
117656280599 1008130630640
11591 30949
2
14359529 17819657
190295467 752812420
4
62 197
12307630633 13972890720
64 559
19 59
2
97 464
12808995213669 84374242414595
5
58 81
11163 11789
6179256 9373123
3 23
11 50
2
65 93
35430011877423 116964486803588
6
10 13
2 3
5 11
130952 178549
56 139
175337 1887140
6
7 13
30 43
10 11
6 7
7 18
8868176121 24623145329
5
1 3
5 13
14 37
10641 11780
4902635555 5466124559
2
73760708568395 75697891030694
46 233
2
227 240
17260281441132 67074882910931
3
1632899115726103 3168498016534264
1 3
2 5
3
73 106
32990244675 49789974923
7082 8841
5
2330165 4255351
4 11
3455 7662
3 5
2436 28351
3
889 934
925921087316 2111625809931
11 19
3
1238262403 3631002810
2925 8497
81 461
4
6 13
46404575377 551521323546
3 5
606 677
3
358305 1725752
1174097 1230035
7061 7281
6
1 7
164183 284021
11024 17007
5 128
17 167
30 37
2
437759078777 553187189591
9467 43922
4
28 29
5953 9123
11 17
1571332408 3249088157
6
10 13
73 77
53 409
31 61
183259 1851555
89 332
3
94 95
11578719343255 14479769052252
6 13
2
369 4957
4269784700617 5478799261447
5
1600 2121
7349546943 25979675579
1 4
15 23
2 5
3
1 23
10659944227 78209315577
14618 14849
3
190137 386702
11 29
143247134 3192707775
3
18 107
164911 441149
1268446953 1483948360
4
4 73
8349665267 12281522277
53 1760
6 7
2
1520291277912313 5702489797844445
1 8
1
3781486879216267 13864264680175462
4
52 2333
1 4
76124059609 154910558635
2 9
4
1 7
691353270467 4835108220604
272 333
2 5
5
28 31
9 79
54492463 289072812
2421 5479
19 25
6
3 7
34202 355847
10151 13948
60 79
727 933
4 5
4
132 227
23 42
288353988516 592404855191
10 13
1
4491619318392571 10413550634095426
3
1445807809 2360283614
941 4877
623 1527
4
12 13
47 210
295 479
2383757810 9915332461
7
31 67
18437 49212
30 113
12 17
30 31
1 7
22140 31097
4
1208066 3250865
6 7
8 9
47600907 189534904
4
90930815 274143697
3184 8337
60 113
24 41
1
5215906654019731 31542598593808928
6
2332 3997
4 5
2 3
5 13
181445827 815767774
9 23
3
1 3
375908727605 465676702381
7739 14174
4
16875 159494
4917383 6531597
343 449
3 31
3
1072 1333
4613 27422
592502178 777039529
3
1113507392297745 2637156377890748
2 5
2 3
2
23901845509343 4103051292069519
7 22
1
5772947932006023 14870906908051996
6
92 155
2 11
1 4
27978308 74840041
3 7
3798 7673
3
9006304981109 9356097045844
173 175
15 23
3
169 1715
157844106267 1308584413648
4 9
2
46025 79577
134900449102 201705911503
4
12 19
12833 17665
2323 8112
4700686 5540567
2
121264 137399
331043241890 432017413229
2
6097 11776
764264191147 2306096311491
5
12 13
836890991 1478784205
5 787
1 29
39 43
3
52 67
87005616089 175169564331
533 980
5
89 125
1 17
10966 137393
90044531 107608951
2 3
2
35099087599065 100332177274102
350 741
4
4 19
13558 33947
4570210129 5917421286
14 25
5
3 4
3 5
2706 9211
30108206885 38885172349
2 7
3
5 19
24995131217209 31720425622389
81 86
1
10136414903916337 39724875183768216
1
1274078344783971 42583708444530128
4
54 113
49 59
1675587 3216194
637837 1082791
1
20155330908587377 22315600919068644
2
2154722228348 3564379197067
6247 12152
1
30839071147727435 31894313845046616
4
193 467
70 81
2 7
49413619849 62785695034
5
337997 531042
1 29
162739 1462829
134 379
1 5
5
48523 19713165
4 7
7 8
3 47
15649 467993
5
2 3
3572 18109
46393 104864
3 5
1149504 1600769
1
23438735102730565 57035810052348024
5
10 19
583 2975
3899 12168
4 11
5011209 6197407
4
607 978
4 5
109 947
5174676230 7157827451
5
2 57
217 275
17 41
19 28
753631953 1569473461
5
3 5
733 783
18497 29228
2608291 2720633
18 83
1
14402277519675725 16538577413022362
3
472 479
4 7
2159337700397 6567023546130
5
786114618 960346525
396 443
17 97
49 66
5 7
5
185 298
15 17
2746 12763
2 5
87557413 142758987
4
28 37
1801 5500
910553843 8309931967
12 17
1
12237201115161241 22501778278299996
4
7648993 7702067
153 2939
11664 15361
37 132
3
21905417393 525019333062
7394 9209
4 5
3
485654 1506653
46 147
23079953 92471356
2
312556807902013 401788742144413
33 62
2
54701 76223
243428173977 576728600459
6
7 19
2437 4553
1039239 1127777
565 663
69 106
1 5
2
1 10
47498971992562 1298006610310723
2
34911476131712 47446497882197
11 510
4
462 475
847 989
5 6
5207478 11330731979
2
13422517 23459936
223111784 638895445
3
83768 87127
53141689372 79299324267
3 4
4
4973110168 7135015363
10505 129648
1 5
7 11
5
7 11
4 9
1828088365405 2438069176918
1 5
2 37
1
7928013389158453 13014449220078740
5
5049 7231
8 19
9259 26228
81 227
57373 83235
4
2933 4444
1 7
15574725026 57572504637
7 17
3
31 49
31722368984792 38803315445017
5 8
4
5 7
2009701239545 5476226191416
11 13
28 85
3
1456 1947
819383 930361
6476217 7044014
3
22637607586661 28395671932932
37 97
1 11
2
69 79
861240176544754 862490411443605
2
129451973646 190297576235
54640 73743
7
16 39
121612 145361
6 17
3 5
37 73
8 11
90001 188678
4
5 7
100884 525277
2 3
2095534283 3922945858
2
1401 3271
7546988394040 14465281263549
3
71 336
1334617031597 2175238978165
11 31
6
17587 36341
6 7
2 5
44 359
115 386
2735 88677
2
27 31
205382361075947 543677352300794
5
12181 14607
7 29
174 691
2 7
12724045 15730508
3
29617 36735
6582161907 19736563112
13 59
5
242409 1592864
301 303
25016 118355
51 71
12 19
4
8453571551 20235582184
44 59
589 4937
2 3
3
3 22
447320746 1024356449
328445 1923047
6
314 2617
9280 20423
59 2845
685 974
2 3
6 53
3
782930808734 1339177325909
21 26
199 1237
3
127083 203017
1 5
1068214957 36472070428
3
174350 301751
7717869841 23241904464
3 5
3
5 17
111187510661 130424783715
14083 18298
4
10 11
89 662
146032 360887
2362867 34883933
1
44009662281042533 74185888961753296
3
234 283
7376402455 37041840486
380 2183
3
3 13
163461762381 416735242297
1339 3864
3
143178835 585027713
208931 2088471
20 43
4
4 13
1657127033757 2317903859822
49 215
7 11
3
65717 66732
2 5
89907084877 143765195603
5
73 178
1234196951033 1305290269871
2 3
8 11
1 5
3
1 6
18823624623252 48413440123189
148 155
2
1822602159452629 2756408754225155
11 32
5
3 5
10 17
11 111
30578813 120931018
1008 9851
5
212 239
441233251 708905852
16 51
2 145
49 53
4
14896677461 61232100310
10 13
3 7
566 8061
4
20 21
31056007420 35542845691
11 13
2659 7886
7
11 19
129 377
75 206
21 139
81715 475167
22 37
4 5
3
6362355 80402233
10 61
1249697 3046662
4
2233115991168 5535184492555
13 16
11 39
9 11
2
12 13
1762059972295583 3393625828230762
5
576 5167
229324 310609
25 49
1696 62221
4 15
5
7 8
93 571
6 11
39981437261 41169845595
7 17
3
8 11
639877908480278 854918269354395
1 4
5
1 3
39 85
1091 1274
459669469 1523487779
2 47
5
6 7
8 11
61 200
1 13
252426862712 487090438941
5
1402448168599 2639185723761
1 8
1 7
11 23
8 17
6
3 17
527292 785381
15 19
108203 194250
7 11
36 163
5
3 7
185045 277139
1 13
4 5
418573141 525261684
3
2 13
66307148890613 238557934689186
2 5
4
4 23
4 5
1255 1406
150561886853 449246519313
1
2989115777192509 11587793536221410
3
323 552
1086209512 3077275913
2264 11075
3
59585 67703
48589 96006
7917367 11532041
5
1113275601 2927729761
2 19
5 6
192 289
81 365
3
9 19
260771 851535
382792065 1115282182
5
13 18
11 13
1 5
61994230817 292533879149
16 59
3
4136 6527
25248015 175799636
4337 41527
6
5962 82967
58 69
2 7
179 527
9 11
106839 152114
4
2072735 2916668
10 13
18765851 22095903
98 109
3
14 17
788670686291359 1117772459620215
1 4
5
3 11
6 7
440 21331
3 5
4916234887 10108680672
1
6562507727237497 13405218753396090
3
1 3
5 13
151717088439375 1179229839858094
5
1 3
23 73
21 55
57 322
251689552 8888328179
3
3582817 4455821
4 127
23437047 75202027
3
210848492391 241258252663
209 251
173 882
3
20899721 112486648
8247274 26001987
6 7
3
1121 2349
267754491131 516195456772
15 71
6
431778 1503871
2605643 3265451
16 29
5 6
1 5
5 11
3
1581165091 9179669475
16295 279926
2 7
1
14676662479164999 17564369798168102
5
327325 779712
19 23
3 7
80490841 95374333
2 5
1
35889226668139511 90425072850040752
5
1 4
52 413
35 461
487332991 903144285
36 43
3
7135 8314
6614138 9284555
495635 1139653
3
5 9
8432357111 13485461596
202613 232645
2
1348548479 2962024837
1927926 18900227
2
85 159
33562429739569 125644372127030
3
143372818762 332774698943
841 912
28 41
2
1 3
972633208169349 7432824727246010
2
1830599381875573 2449833445130873
13 32
1
2657093053220953 61000575318103296
6
150 3311
9 23
300677 792531
255 1642
35 47
1 5
3
12 31
34411 154290
6709658101 19812297049
5
21693 213956
1566 1841
4 37
499146 579305
4 9
3
22 49
20692823 102063413
5710723 5741976
4
89969923180385 110391036967968
3 5
4 11
7 13
5
3 4
671312 1458695
166935303 456452719
2 11
1 3
2
7 11
3446736262539196 4125887868584607
2
39826718044419 84481829496230
135 481
2
1682666736511 1959618457946
2761 12935
7
4 7
47129 60535
1 3
18 31
11458791 14260604
9 13
5 11
7
44223 1117357
14 103
3 5
5 11
3 34
13 63
2048 2183
7
5 9
855719 1787027
47 67
5 7
30489 48635
21 61
3 4
3
70 309
293831 520823
225298409 439128980
5
23108 212745
22613 25667
3 17
6 7
20575 112972
4
8455969 15878986
74543 176095
14 281
4 19
3
1 5
1952147 3492368
186725554 792616959
4
11 17
9 29
9787313394756 10876990113887
1 6
4
113015174016 154012415435
258 377
43 56
1 3
3
30419 40743
30770604771 99139296232
1 5
4
1335847 3866375
3415791 7016962
47 119
1 3
3
6227586989 7677596643
262 299
397 8468
2
153114833031 700563568958
35691 86011
3
29880913161341 586897410486858
6 17
2 5
2
25886286430402 154018926029555
63 104
5
2016 2057
602 661
2663735 29175896
182 223
3 5
3
1823052718 8570155089
1 4
26761 551905
7
4 13
8 49
1 3
9365 10651
1858 3425
795 13292
36 37
6
2 13
1 7
1 3
97 157
38232055835 51851337562
3 19
5
2 3
171 317
505564093113 624140622610
9 13
8 11
3
7 11
3 4
113740674796787 916279773884235
4
47 50
574260976920 2833892679641
9 31
3 11
2
3461256588365 6770713538906
3385 4467
3
4957 37261
10802 14353
11780969 128800508
4
2980 9753
5 13
55727604005 64732337284
4 5
4
81841 185246
1 3
61092967 190682975
18 89
3
1 33
27388488777963 241109136431257
1 4
5
121 161
2456 3761
46408352 98800131
2 5
287 316
3
33544857 38917076
4863227 7044265
42 73
3
226 497
104959715 5709310897
3325 6246
4
20765 40097
1 29
276621755 802208616
19 25
4
86053201 86160548
16004 17099
29 49
326 503
4
7 9
691467 3863702
29558998 30948415
6 13
5
9 10
3 11
208 1031
6219737342 7943716719
37 53
3
27461417585 39583977672
32 35
1468 46729
3
1 16
30479739628934 94058513764627
5 33
6
8 29
249833 390390
200244 243277
16 37
37 47
16 19
4
25 46
2 3
52239959 155991185
43115 887813
3
11109268284229 67373335267212
11 19
4 23
3
4 5
60 67
54310486864579 63672640277241
3
2 101
1 8
4473435915163 17833224274239
2
27 85
204307897391837 829575758995616
4
8 29
6139 15830
1 3
2730886964 17134107373
4
171498 388451
57757347 68616052
1 9
2 83
5
760409 1058427
3 5
304522 603761
10 11
1579 2114
3
1622139933041793 3298712674024148
2 3
2 5
2
868 3057
15360543499745 24637705950748
3
72789 221318
5 11
737513797 15706963155
5
16 25
841917 2271379
1031 1651
14243 44862
5 19
2
2069650441 15432486263
625048 2755645
2
672 2255
2676044062685 14043933689748
5
5 31
135625461 154251592
2 3
3 5
49392 207811
4
40719283 43055524
2 3
16524983 28836517
1 5
3
226 767
1494232252959 2879446239323
9 10
3
17960 59813
246 433
2906026915 3159280794
2
15 16
2127765271814665 2581806604893611
3
1486 13585
71654058295 154023172482
2 7
2
663276596644 1015521911265
38043 59362
2
177468 194857
97317580619 112383051145
4
975 1618
5 17
34263108109 52135301547
15 41
4
41 48
168426 571751
48273 56063
12077 20437
4
52962511463 70671949242
37 55
3 7
608 1489
4
23 79
279 1207
1016145 8926076
14600 34283
2
1103183163976291 9066987696332280
1 7
3
13432949 18277151
139 154
1301561 23357403
2
272 1091
18356218782205 18398050138844
5
10620 13529
254 269
14 17
7489033 28754018
43 45
3
1062951506107 169353949497615
7 8
1 19
1
11398562639894341 12078948385116252
3
4 5
127136127177832 290810642578059
15 17
6
2 3
158874 412517
1993 2630
7 11
12 47
43817 50573
3
336881121 2197650872
227 4345
1178 2777
4
35192477 75860503
5 7
365 1128
107640 108001
6
3 5
43 69
68051 153896
102789 632813
15 17
23 37
6
23 52
287827 480111
46 101
4 5
5693 31139
8 71
1
12898604144746319 24796606720325280
2
103336 2224873
5887372537 7469501616
5
22679 37283
4538 10395
16 29
27635 92072
10 19
6
5 7
4 11
10957 12421
45 272
2 5
7561691 7724691
1
9653775819416779 10535692552775566
2
63491 270980
70207419356 73255971359
4
16 29
119944387 131290852
148679 149515
103 123
4
19 25
116857 429807
105783917 137117518
3 11
3
195718663101 229687467245
1 3
12323 41372
5
7 11
3 5
165 1532
8 251
119422978 1011715911
5
17 113
1 5
51071598 290240261
10085 18956
7 11
4
538988060031 4624561532684
1 3
52 215
5 7
2
182 4477
2422653474494 17056263303675
4
10 19
6 11
196 533
62300261927 106377657576
3
3 5
5118100 6906103
922707553 1021142002
4
9 20
9690589 17985361
1 3
1530051 11208659
4
3 4
14 33
5 7
23843117840208 36641785986793
1
11672617833291171 26430970294937504
4
3 10
2027884 7730959
304 343
783284 1584369
5
1454 4791
1255399 2299871
43 127
98 451
27 32
4
5 7
131 2196
3 5
265257333237 355485580549
2
2006177997142197 2063548215595510
4 19
3
1 10
274 1649
2069903659250 5965743801013
5
2 3
7 17
10709053 12433880
1 7
1876428 9032057
6
4619 588006
17 19
6 11
2 7
1 5
2117260 21046061
2
57696696692389 178652472158717
33 76
4
135868 335405
13 43
341 446
3313098 7487987
4
7 13
1 4
4 7
14593473008101 40537753297677
7
729 1315
89 224
1 3
19071 49771
20 37
480 913
16 17
5
6 7
33 53
677 741
873876015 1196029622
54 109
4
98 101
49261 246041
1 20
22338713 29982413
7
28 37
12 19
709 819
8 29
6455 17386
24 55
5034 5153
4
9 83
150947581 358271722
3 5
38348 189687
2
634871 966077
9529540696 30795747015
5
96395 2228261
4882 33605
89 139
109 353
13 18
3
6666944 11263865
11826 34009
18578 57241
3
23 74
4729614470935 10391101808319
13 41
4
55619 60913
97 1916
1974763 3710145
45 61
4
3 7
33 197
37654247 40730187
314599 1071116
6
11 13
264 623
39 94
12 31
6482 6493
234721 500055
7
2387 7582
26 37
14255 20401
2 5
35963 53801
5 9
6 7
2
827126245179286 3348154796569335
12 23
2
933713384329237 2228986569657097
7 9
5
934 1069
352409 1095124
48072 170089
5 21
1 5
3
174 253
971379 1021348
63345914 82972115
4
524375932 710809061
3 5
993943 2947001
1 4
6
9 59
153 203
7 19
1107509945 5958377528
3 5
1 3
6
1 3
136553952 194320061
2 11
118443 159694
2 5
13 19
2
1614501328283626 2326187978766123
17 26
5
7 10
462 491
303349706 507820529
509 603
12 19
2
39313985 39936874
200983412 576845081
3
3 7
277718119664019 623511489194150
10 11
4
916 1933
678370127 815702850
7 11
1098 1109
4
4 7
125 132
10119119 18948535
2481661 3772081
4
4 11
31 53
9 20
1136497366367 3389302041903
5
4 7
1 5
264463 3854261
9740429 106773202
2 3
3
220667 373116
3054655074 5625784759
15 23
3
3 8
11 13
674879599504594 788657610123997
6
16 23
17 52
38 73
5 7
189714889 210949995
27 139
6
8 13
4 11
1012622797090 3286515660061
2 7
3 5
5 6
4
3 4
391134246853 570918929995
2 3
620 1541
5
67 185
49 197
2 73
12 187
36918679 150786138
5
1031023 2441595
1 11
5 7
52 6511
22679 49466
2
51019498463466 55167777130969
333 898
6
9596731 13013887
92 1323
2768 5141
6 19
7 13
3 4
3
3 53
3970163 6473245
2880608 222680469
2
63877 100642
459532830723 692002065641
5
11 29
134235804 5448553073
1 3
11 91
21 2110
4
126 167
1469665927 27303623994
3 5
386 1453
4
115 117
5 7
2710767971191 10918270375906
1 5
3
688474572 1213588783
28063 32204
374 2539
2
7116224863084499 9312324988334382
3 5
3
53 130
19600025 1585830169
10611 48901
5
1 5
1747504007 5844453832
29 31
3659 5043
9 13
1
11151151059363859 78016102026281952
3
847321017 3958834289
1 4
775849 2175015
3
85244 229061
4707 7946
760410 9858253
3
6 7
6940717111671 11357084727283
23 354
4
708558832038 817953470939
1 7
709 1415
1 4
2
2 23
1679592974949634 2092447863348477
2
24164498243 28128476651
1110379 1550184
5
2 5
7350398 14053189
2 7
46 59
188049 392198
4
230 719
15 34
27 35
23868703579 33503184507
5
473 5090
6825 8569
227965 379847
1 3
233 337
4
11 13
42935 55488
9599 17275
2317556 6870661
2
9657578 37666635
258118642 534958901
3
179 673
32753 53251
450315560 1558722221
4
319 2969
4267 7505
36 1081
666983 861936
5
24004532 37527555
3 43
33221 55391
17 32
6 31
6
59 79
3 14
277333855 1625427659
47 67
53 75
10 11
5
1 3
8655455 23245738
32 41
239167 979961
2 5
4
21583888475 27843290912
5 13
24 173
311 339
5
6 13
2965007 11076742
7 9
2772894 2812159
2 11
2
973557627720989 9174544472816070
4 7
4
2 3
103 263
23590334 30902417
720239 1478374
4
4102683443424 5980163142317
11 23
2 61
1 8
2
1529472024414537 1740163086237970
11 17
4
118895 132602
57 83
4 9
14110359 961568315
2
5 7
319357247497413 2384094715310920
5
147201 488666
24 337
32 37
8012 19173
351 419
6
134 475
54597 65242
163 479
11 27
2491 6661
4 11
3
305220863768 422431815951
128 155
75 688
4
55 111
1845830 2548291
1353 4339
3985 8438
6
4 19
3 7
19681966 47458871
305 624
191 695
4 29
3
82220101691959 175207183700138
8 27
9 11
2
6 7
4758380396399305 6922589866148826
6
27401 45412
8909 26505
6029 6739
26 47
11 13
2 7
2
15854793841 18587730414
194466 859153
3
181661959651 231214641736
611 1595
16 137
2
429263691440809 563668930133546
28 33
2
4167649631 11282286614
901947 1329643
3
3 4
350835841505906 382282926003897
7 11
5
52 59
459 778
2705143 4289055
1 7
74 16189
4
26335 37601
19 20
7279904191 9569119219
1 3
5
187 479
10708936197 11230909436
2 89
1 3
8 25
1
34099542976486175 92116805551065744
3
5 43
81985519769093 88973618398840
2 3
2
3542289248305 19604788160509
443 1504
4
65988575861 315606680847
3 5
179 404
5 23
5
7 9
10 17
4 7
1724048078038 6738268578733
3 4
2
31865 134958
395993592653 551450010851
4
2 5
558729462601532 666609239651297
3 4
1 3
1
44067294754608843 95446327620972160
3
11 23
5 21
17885942344889 103157614152638
6
113146213191 117161789464
2 3
4 25
2 13
18 103
4 7
4
20 79
129587 395322
26 43
36053300 37747801
1
18989044126842077 26884677564777132
6
1 13
24032161 24091972
2 5
10 113
50718 135017
1 3
4
8 13
150 851
104040291035 574809623389
11 15
3
1 10
4807 5023
762653627783 1213343106393
3
2117252715794 2965716104505
7 23
205 346
3
7 15
5248413 8209994
5921873 83979533
2
1 12
3753832216343336 5199258665674241
4
159968728 885108105
75 107
33210 50263
1 4
1
49815396480934027 74565657630803504
6
7 88
417 575
16 17
546 563
4292 6573
3499 15539
3
1751 1791
213762 244021
13856203 148831300
3
115 191
127 247
1272747952641 1339026184636
4
630292095893 1077200367123
5 17
67 448
4 5
3
1988 2327
1140300503764 1186641900883
3 4
3
161594027037 207759949391
199 209
388 1491
2
11912653 12333679
1747573895 2889568391
2
883883 1139835
8666335519 10644660364
4
2 7
1 5
28 167
5833517674189 15988313235126
3
1 8
98 157
33310592583332 37688553041893
5
127211 191685
18 23
11 14
28616276 36033133
41 43
3
12198197983 12477073648
1988 74661
29 47
5
1 5
15 19
73113904 603086173
5399 29724
2 7
3
3045163 3368749
14781397 3171457777
5 6
5
1161 48058
3 7
742923069 3447664835
2 3
5 19
2
56137253382328 92546550333487
769 946
2
943843619336601 1181019486940456
14 17
2
10611352013197 74853843915538
246 761
6
3 5
13 21
2778 17687
8 11
26544363 81012644
4 19
5
4 13
3 22
21 83
2 5
199689539788 518245208259
4
1111 1339
37841 48504
742724 3911593
82 97
4
3 4
220561499 245417627
9 523
17036 26379
1
978596991489841 22271776547420676
4
28657 35759
62 91
56823512 398283573
59 76
4
83 373
10 11
272062430602 356197790555
5 12
3
1 5
367410439705313 818751086012322
4 7
4
3 5
509 1332
8 13
449389168603 659650510913
1
33660989046260757 44306334671758696
4
13 80
55 81
395778949320 1073591241119
1 11
4
7 25
35421 172903
2 3
2042452877 2109094601
3
434729945999 454696176880
1 37
8 787
4
223393 319543
1 8
2572948 12307845
359 493
4
16 49
10324364979 39200370985
12 37
467 782
4
7783 8238
287732733 611102777
84 265
6 7
2
17 30
91521959362075 358277131677889
5
53 59
345713 606876
2 7
351748 1443817
5 53
4
8 17
485975820003 1347290158334
204 641
1 3
2
1422316736343133 5075097514543095
3 14
3
12 13
774 2695
1621083357655 2414676447342
3
1355707 8304071
732 6133
464129 1184604
4
1 3
70596991 110158490
550289 13502947
5 11
3
10719184504719 30956174453392
58 211
4 5
4
1 9
204606623701 16234538337460
9 11
13 29
1
5005093613102459 33116539051438916
3
8 11
21 85
3892293904549 11246410908747
6
235373228 700261515
60 71
2 13
11 32
305 371
8 11
5
3 7
70 71
11710 48263
2251 4055
551419 562647
2
377 383
12778021120047 73453916490937
3
22931 40634
53 61
15881183069 18480613689
1
3759250772757445 16571516980689722
6
5 7
88 95
13 37
20930 36453
74052 168151
71 194
2
12 13
1671420990458201 3398403656824346
4
2 5
46 59
1 3
27006596255757 32814475363156
2
95730901 461062968
55305076 87965329
6
48 523
39433 74199
2 19
27 49
3 17
60597 127496
6
883 5054
3 11
7449076 110261157
4 5
9 13
9 29
4
1011120737 1260548359
1 5
320483 456306
16 17
6
33 274
4 7
349276 374453
4 5
69868 77489
5 81
4
4382 5189
3 8
67047608324 140239507711
2 9
2
991033504518901 5466041554893789
1 5
5
1147086 13002785
3573 6776
38 299
1 197
1 3
3
128053603 379343949
2 7
14564592 15683413
4
2701 29219
27484493 96236684
227 363
18 19
2
49746005 74324426
109956547 434897229
2
35532346399 73236087339
16181 154972
2
223569090012016 549981197093089
47 86
5
1388782 1779507
17 155
11490 13469
47 146
15 19
5
1002721170 1651627843
55 74
49 67
131 545
8 11
5
1843 2070
3 11
264 611
7354 27769
27140 27151
4
10 11
19432496 21544551
454201 476299
29 368
3
27248461046840 30827539516679
86 107
5 6
3
1 17
2 3
44892912099109 640937094820490
7
3 5
119 3971
368458252 383471089
1 4
5 7
35 37
2 9
6
55 1871
4 11
139 244
262 729
13994 25111
25 173
6
3 4
44389 136623
7 11
560538 929383
45 53
22 145
4
2 7
3 5
3884889 7756801
26915551 68986746
4
659 17237
55 248
241130828 831939175
16 27
3
18322 88013
1695840301 2315291242
2 63
3
1419 2069
22513511 48509474
363223 442597
2
1330065419272793 1600285666000174
25 31
4
22 23
3687 18026
13 25
807945994 979102929
5
7 11
185333235 189971029
239 331
641 1059
13 28
2
4 7
743883501615379 1617907281303013
2
1 3
1256209365931253 3551016127173050
5
12 41
22382618 44780697
7439 35485
4 7
70 97
3
11037074178943 31099003410314
51 223
1 3
3
2877184 12306919
307 358
474446 2685509
5
614 647
45 53
480101 1513766
78 629
682 1635
4
1995237602 6988801273
7 19
10037 31800
7 11
4
23 35
9903218 10584549
183295 268024
98 809
3
2 5
1007655 1171978
4947473287 6676648069
5
1 3
32 847
86 299
125646251 149199980
111 113
2
3 5
2135653406697429 5433884989391746
1
2716957728460569 10995920063101214
3
92 95
23 172
1261586696022 1360805724491
4
5332150415 52826067218
1 15
2034 4651
11 19
2
1 14
2312496042303364 4957381870901667
1
11906237253350753 21445452523619520
2
7102 8591
5528276369771 7765359653358
2
1127 1339
13801638380313 23482789437827
3
23 44
62599766450 385112175271
334 721
4
23 29
209573904871641 251564468943263
3 4
1 3
5
968650771 1452146898
26 41
120 133
61 125
7 11
3
2027086155291 3294309164663
45 386
14 15
4
143 179
309557742 436721255
36985 112428
4 7
6
31 41
29 61
11 15
6763311 45963824
935 5507
3 7
4
285611624525 589807179437
52 71
3 8
57 139
3
29228406140671 65977017494097
2 17
17 43
4
44 499
3955630 4967309
14 19
537743 1339536
5
16 17
567665 1033309
3 7
2690503 9845190
8 13
3
7590667 14211796
1409868 2110855
77 431
5
16 31
1743 3691
4443859 4731553
662 681
33 70
4
94982692188723 383094519420884
2 7
1 3
3 5
3
14 55
40271259 96256319
434463 3709448
3
1168 3615
19 31
56795389011 187473100256
2
23791409402684 45565323783867
177 226
3
2 3
679 1312
3996711208001 5307484062151
3
1468 3617
1221445687 1621225381
9533 12018
4
7278 13351
45803 140175
219297 278872
108 113
6
6 61
33 41
7 11
1217291 1631725
730 999
13 454
4
10 17
508 869
722545 969729
630827 872164
3
9 10
237754719131 366878400101
1418 6133
3
23047793734 23855161607
2756 3535
307 348
5
1 4
4 5
572 5403
7050 45977
6860363 8457073
2
36052512894771 202976884385212
3 79
7
16 803
10 17
6 13
18 19
3467 13305
613 1357
87 1442
3
8610019 11723452
243175680 464180611
3 5
4
41 117
40 131
79304912965 79948460668
9 11
3
957066 1499911
16026 64427
112553 168132
5
39 47
119 173
167809231 382608928
2 5
1496 3459
3
1 3
36249 132503
15880336351 25718234581
7
16 41
17163 873331
3 7
10 11
15 61
185 501
333 650
3
54258 500795
5998 14061
1263047 2265622
7
760 1231
46 61
2433451 7022546
4 63
2 5
2 19
6 11
2
129327545 131990914
90622266 227644261
3
281 287
1518686977 8225986082
7389 8999
6
18796 65189
102215 415482
3 5
6 7
7 11
2480 8737
5
6988 9101
1 14
11 13
3472771640 5908330689
2 5
5
737 1224
1 19
1 37
423837713 1009420003
23 29
3
685807 1957245
44 67
219953183 249190454
7
1 4
7669428 14447101
23 85
10806 11063
1 9
2 11
4 7
2
3 7
1153318042436363 1644891684186264
5
11 17
62 63
112296542951 125773919836
7 11
46 53
7
6 7
1 11
11 13
2882 45203
3731 8444
161 321
53 185
4
43 59
11 105
187145079 243994304098
1 11
2
6985562611097941 8229900707298836
1 3
4
27568655 71748976
10 23
26936 48031
3 659
4
23 39
18446342 39043039
207 235
152671 198229
6
135 317
11 19
17236875 54710881
21 67
43 130
17 27
4
4 5
2462 7893
13825063771 43187557852
5 13
3
18 35
19642007988971 21439402308354
7 13
2
105 128
177720578235347 209327185624705
5
900188279 1779007990
10 23
7479 13157
2 3
8 11
4
72871 184572
124379128 7825478357
3 5
2 7
3
555713 7056840
127632311 163001213
3 41
3
75247673 84245757
22608941 28179254
1 7
6
19242260 25110059
6 11
17221 117735
6 7
3 23
3 4
2
495427040842897 989258682599968
4 21
3
15 29
717968537644 1696265310527
71 350
6
44 63
159319 166084
111198 113143
6 11
12 65
5 43
5
4 7
20 23
61 171
861771 1222717
483091 631574
6
1 78
2 5
95282 155371
10 23
167996 357977
87 137
5
4 9
43 1346
22 271
28807 36415
113590 121319
5
2 7
949 2732
1227 1403
47819944 51771543
6 13
4
7963 13575
70 127
352402674 366913103
15 22
6
383 427
255 7771
19 23
5 11
2 3
12995381 15443014
2
271832360364 653014158221
9001 15869
3
46 151
508030624217 1632819902442
68 193
8
4 41
15 29
73 241
221089 292531
1 7
1 3
141 1241
7 10
3
68867225079 4249425443495
430 701
1 6
2
2438330932652015 3554970299339336
8 9
3
6 95
1 3
49746496519395 71830765327454
2
722972960903355 730120334338012
12 59
5
19 20
11 37
327088213807 380913823253
1 3
1 19
3
1 5
33438896366279 36046229295798
65 67
3
104 829
5 6
386189701305 3068420558191
3
499 816
1224450270057 3260748587477
1 5
3
39 73
223556 403119
214444954 618819169
6
173 461
26 57
255071 1977556
8 25
298 689
8 37
2
320251917009 389147627120
108736 141413
3
30754536773053 82647479471116
92 93
1 5
3
18246796797193 21473358891318
1 7
43 85
2
1668163945468906 6501679719800399
3 4
2
9830262260 10741702329
202558 2996731
4
148 231
6 13
1 5
1679391499335 5976015598594
2
512943355 712491446
10108324 19286133
4
1 3
13057196877733 47636990893744
15 19
8 13
4
16 23
1143 2636
22273319570 71905459257
2 5
4
5 7
4409192 132952599
949599 3223432
2 5
2
674426450166621 2493091964469028
7 11
3
1783 5077
571 593
8497678027 11323114628
4
1460542672 7745144357
11 182
3440 3687
5 17
1
12206903346602021 28803814147376304
6
14058 25679
147 181
55 58
43 385
1405 1671
166 257
4
68 123
50559270 118483607
8943 10042
84 145
2
1 5
591661157294399 2690269952870304
4
9 23
6262013303 68065268980
977 2067
6 29
3
568 645
2 7
3593839426215 4099082526016
1
50737679198345433 63473934904726952
4
4827 5425
146 1171
52 79
19165747 22691838
4
666483077 2426352293
11 13
9 11
19219 61920
4
91009166875 116148698844
1 5
36 71
111 307
5
8104483 15947330
9 17
399203 1558811
1 3
6 13
3
1 24
100512109502767 236559138553111
4 7
7
2 5
3 14
388 421
247580 365383
8710 11451
5 17
6 31
4
530537867 1029562762
4401 18361
19 23
1 33
3
21174245 662718204
5 17
1924899 2105957
4
45 302
154408629772 308323126327
17 19
14 15
5
147 407
838499976 13715245967
37 128
10 13
4 9
1
41559766554476491 43487977545823120
7
16 17
5 9
13 25
1 19
62 157
9487 12649
291261 597286
3
6221 7395
133 143
12756123233 51677273072
3
125 263
12688281302533 20806069078402
1 3
2
1728189989211627 2517841883357215
1 9
4
29012727 57591466
6686 9247
1321 3751
2 9
6
15354 18961
31121 58326
144 149
85 133
5 11
264 277
2
34275450397221 81080439644113
35 321
2
466210987150934 7121537916075201
4 11
4
10 13
2622 122311
622713 786584
14329 20133
6
19 32
29 37
158 1075
6 17
17796148 46002723
1 23
3
1 3
236099996047 944109798398
446 5777
5
7107 15071
46 103
7 12
10 11
110544033 324464365
3
592622487 1213908170
60376 373313
17 53
4
130 163
14 39
2895284 6503491
317779 708280
5
69984409 97227770
695 1801
20 41
16 21
243 463
3
92362648657972 126352786645677
7 11
13 56
6
23670 70549
7456 11115
109610 192887
2 7
1 4
4 11
5
3946 4303
293 785
406 1559
237287 900452
1 3
3
646 4321
4 5
491555508191 2174994390852
4
1698 2947
2573 6206
134300 47931647
9 13
3
8 15
13190 141161
3836235058 5026248799
6
31 161
193 243
25 107
4 11
9 19
26167645 43650542
5
7 47
5519 33784
28143782 55445831
19 45
9 11
4
245171637027 353654854970
19 27
534 811
4 7
3
8 11
29 81
22745877879229 40304532299747
3
29 254
770445523480 7731544977871
5 9
2
3 8
2883414434317357 3578680659171613
4
14 17
1 8
792074 993763
95640092 137611425
5
56 97
7 17
13475067 34783748
1269 2405
355 693
1
45257786738640545 93757175503246512
5
1 11
2 3
726 4381
480 7451
17215 12327772
5
6 11
23 43
836204613 2593524095
124 483
23 142
4
18204201 19561336
3 5
3867 15833
18868 31933
1
10960842717276121 13108120149973400
6
55527 64664
12 13
481873 548781
221 1549
4 7
12 19
5
11 377
1155 4936
2 5
3 11
17634599 460860339
3
198 251
555378516329 968208394065
15 106
3
550549456150180 982309544967257
1 4
1 3
3
25159 112459
24749 27420
22390389 30918509
6
17 53
16 19
75 701
22 23
2762 3241
164239 1368462
4
3 5
39 109
1 8
981889020869 3808917089343
3
4 7
27900105709633 47665230393516
19 41
2
170816081623 256809259928
31020 59447
5
9 43
109 191
55 226
1494 2753
697191 5177135
5
6 11
3484 34005
742355 12545062
4 79
31 223
4
179 407
11 21
1 5
427592130119 787701801808
3
8 11
103726823 108311658
9857704 17100509
5
97 124
27 29
1 7
6663995189 14039969889
29 97
3
7 19
68653781899033 102419962510952
7 23
5
15921 20135
1 4
13 81
358945716 468942323
4 11
5
5714 13345
3 7
163742137 875824939
1 3
3 38
4
5 29
1 3
1516 9245
86435578479 99992134576
3
292084 637521
27 575
45332703 62879449
1
2352018689774147 18900412573986540
2
23 25
242986525225411 505313432976334
6
4 9
2 179
2872344 3270979
4 5
6889 22382
55 71
4
13 17
1276 4757
14 43
1071847277 5717933856
4
259 3747
652631 1361414
4 5
182491 1168537
1
14210782370147111 29861308820883412
4
1 3
28 55
5892243509 22087298938
5441 7301
3
4 5
4520207 4657704
185410361 1125958801
5
25 29
33427861 141600063
12 197
7 46
470 751
4
9269 12020
5 17
2336441909 2549756331
59 91
2
9515223252731 13501207307376
394 895
4
51 125
27 101
29125423560 50334675209
71 82
5
4 7
15 19
5 8
88281487 382093407
22212 98215
2
229860339601385 3405109868890374
5 7
3
4049 6335
98709804846 101794841497
8 69
2
385290 737011
61954782153 74295016780
5
4 7
76 83
25185 50548
79 93
2627313 10236407
3
13 17
13313047765133 36023749536180
24 37
4
14302133522 16455645757
41 44
1 3
6454 8227
8
594 647
16 17
5751 10496
6 35
7 19
4 27
1 13
531 683
4
42 67
17 21
4865 6416
6904998263 8282878199
4
283730 285707
3 5
2729052187 3067440048
4 7
3
1 3
3 7
430592779716159 678506337274474
4
1172491897 7998280908
853 2599
6 7
211 215
3
112356583 1342586398
2778831 3390307
1 13
5
9 29
691 1892
1469541 39158395
4 7
1817 3107
3
1405 1417
323963 3039223
564335 2462554
4
2418484605631 9764605303797
3 10
8 29
10 17
4
26 81
13581 125705
38331 52324
41438 56497
3
76382 138861
43192077876 44209675373
5 8
2
25529320250117 26791764554993
7 412
3
478 127769
70085366953 75344833012
5 7
4
4029236533 7523202702
1458 37865
7 13
4 7
4
1 14
5895 8269
29 69
8417844767 8943399193
4
1 5
249119308 1038192951
130050 379931
7 8
6
409 1189
500 803
2625979 3151773
30 37
41 80
3 7
2
4112736149204859 8281337117024942
8 9
3
155466865349 193918602770
12 17
8857 10341
4
1 3
2 5
150274639699510 460698844115609
3 4
5
802713785 1111414328
16 17
531 647
186 211
33 35
5
103 221
1 4
523043 849853
8 11
1476401 6478325
6
14 23
21 164
11 1159
2 5
98 573
2934506 2964241
4
1913798997831 9836007525431
9 17
59 60
2 7
2
333402705875 408790660523
33473 78720
1
88497272373361511 95197000183167536
5
1633 2117
2987 14789
11 30
5982697 7791337
3 7
2
3691585559345413 6737298169902216
4 5
4
2 3
1 7
986092472302 1023247131283
313 2024
3
12 187
208826799737 315505203270
544 691
3
25328725794 46272296501
31431 61160
30 31
1
5338908761680359 16000198301929912
6
6 7
6 11
61933 194218
10 53
13 15
162005 1301501
5
260301 426647
3575 8797
5 7
123177 486026
1 3
1
778338683248547 10160865744786516
6
3 7
9 11
193094740951 696279757032
16 17
4 13
3 5
4
1 9
1143 1634
385157883760 606501407189
3 5
2
3 5
5417523669612107 7796961339764634
5
11210930 33794313
3 19
447 526
10 67
2785 3323
4
1 9
5052 25121
71329635 240382738
399 545
6
6 25
2 13
34127701 65521726
12162 14501
3 31
1 3
5
49 61
396 523
48 95
77570 104559
6190 33791
1
14535925538586835 16543946188379518
5
3 8
3 11
3 13
1 3
3296527576966 9229436756455
3
65 191
11 15
971401648317 9208077692954
6
113017991 1889404638
286 289
2 7
104 257
17 19
2 5
3
1 5
169444226962223 928721342980526
5 11
3
237386259 239526191
2218 2447
11695 18988
3
1254983461 3372724941
5814 22169
361 530
3
1 7
107568188 133559389
18661236 18916075
4
120 127
226341 398794
307 1819
64462 314373
3
1 3
789490511476438 1392697032463105
3 14
5
4 5
90608702 129711009
21 97
535 973
267 472
5
13 43
3 4
47966691999 49355600641
509 1011
1 7
3
43 135
407420409991 13123737640642
13 17
5
20 47
1842372 2550617
5 7
5805524 14309915
2 3
6
17 23
562 2173
83 139
22663 40458
1 7
1142 12169
4
360316127 374065417
102578 498711
1 7
9 40
4
10 19
101 113
166896989 2009847005
8297 13112
4
83 220
249998357 268865277
5238 26317
28 29
2
8894212777195 10265557336959
1555 2512
4
47 6474
1 77
3313065162 3966375779
2 5
3
1 3
4 5
1394774136025749 1688076884184476
3
3762828541151 10045620555062
4 9
59 191
6
33653 89479
3 4
1624923 1710773
2 23
119 123
8 47
3
1493 13651
1575 29578
73086392 82552023
2
599689 778871
8084971317 15064346896
1
8310157078630777 18923418321682596
3
4529 9560
14830 25977
12424316 53376259
6
10 13
2 3
3 17
210580875 230094476
4 5
56746 64399
3
2 5
137690638616337 138072399282911
13 54
3
3 5
143906085168 459577891573
7631 11406
3
2 9
840468787236975 1919152152865258
4 5
2
17 22
597323048437973 2397093412777513
3
4984 5819
1675 1708
984406093 2818374485
4
2 3
12 13
4868925157046 52612322341403
5 7
5
121012 123103
1093083 1147963
5 223
83 150
2 7
4
1 3
1 7
274033122135161 329933370317884
9 11
4
53937 69073
549947 1133628
1689 4753
46 65
3
1 27
381558310 5408990899
56683 85472
4
3371 21408
5965058 8851391
973 2657
38 65
3
13048784579 14627024563
111139 151602
1 7
4
18 23
1 9
25378933712928 26130010091533
1 4
4
6 7
96665209 126478722
4473796 10516441
4 5
4
86 91
14 17
19 90
12416460080 317312242099
2
20 1953
43262389787399 46349793046576
3
20 43
3388475733065 8086345367064
63 89
1
33941235623356643 64529025767419200
2
31 43
493414895973580 2203048632965247
5
5615 51638
5 7
19 25
4 11
303624578 780458409
4
114816048282 203546280997
15 91
133 474
8 11
3
532 1301
814811 4052425
679474 2326777
6
1 3
725467327941 3422960673086
2 11
6 19
3 5
5 7
1
37277389872010693 42634247290079840
3
8225839 274712220
58214 130499
326 377
4
374 549
16 161
3 4
41844622167 46422914555
8
21 53
313 17397
303 320
3 11
28 29
60 61
1 7
499 2159
2
1186 3121
9235609658927 10621102300849
2
1675244 1678529
15063336911 24410994563
3
1600817386152 1707922808251
159 362
33 137
6
12503 20787
7 11
4 7
3 5
3025332 3067123
57 736
2
4294818709009787 4545816542686733
1 5
2
7504355995189 15724789275301
743 1436
5
8 17
10295997861 14816777696
1 15
3 11
775 1297
5
6989 15367
868554 3857867
11 14
54 103
1 465
3
938171234 2737310293
8 39
107459 170410
3
26985746038 401464957365
13 97
142 263
3
29499602 70350605
3191 7084
2582 27109
2
810195197741531 1192770256385548
6 17
5
9119371071 16321476164
1 19
2 25
202 213
7 13
5
4 5
35525 63114
18682379 18979643
4 23
89 199
4
4190458117 8192592820
9 13
25 69
1353 7391
3
171100326987 243235919737
137 289
3 160
4
74242003 84908521
25 74
70573 1265933
2 5
4
1 5
534581 723541
842753 4200894
843 2921
4
2637483 10485581
1522283 1709006
1 3
868 985
1
8483975629033591 38106607729746560
4
635 832
534737 666119
2 9
4700066 13249793
2
150946758885 176688459173
40093 84747
3
1 3
40661129 58903508
144822 92270929
2
47485 69544
96716718464 405005393033
6
779398 4368671
3 59
65 83
1 7
1 4
76708 88245
4
9182655246283 49685621545416
2 11
2 7
4 5
2
58737 93650
33707424019 210954819961
4
2 7
565403 774747
4245 4366
575882 721513
4
3115355810534 3205802125177
9 34
48 73
2 3
3
5 7
8661495615433 11655624439962
220 433
3
392337709607 2470986643932
148 155
10 53
3
150650 164769
2274 2419
20973497 42012074
2
1873 2048
13406054791922 32577879258355
3
383 651
98307293 126491951
104657 187004
7
8 383
5 13
2 7
1 4
18406 34485
70 83
3891 31301
6
367 1177
6455 7259
3 5
3985 9761
12 13
12761 13758
1
23810639230249423 38294631436949624
6
11 387
13254 17147
62 71
301 386
2011 17435
5 7
5
82 189
103 185
6 11
15389 15518
447479 2910869
6
15 19
2 3
768651621 1133142494
6 7
173 365
299 373
1
78433712336480747 84095779077835408
3
2 11
993 24086
35144228210 54779891553
3
246062935649 448364281368
1214 4877
4 5
4
860099 1301179
3 5
2 3
145381171 1436697334
4
832 1879
150510901 1650347584
4 7
299 825
4
149 199
103 119
60523300157 77124917738
4 15
3
74 93
2 11
7079560943539 14685271098167
1
6170009127428587 32911191556186596
6
303 1297
8 19
5 7
20692487 26171370
443 1217
5 11
4
205 1569
1 5
7197 51814
36763722 71269007
4
7 9
542 863
156289877197 392210912476
2 13
2
331802228190902 618831096507921
3 46
3
17559265509763 108529460728272
5 23
5 11
2
3673228110050245 4223888534077408
2 5
3
92 707
3072057219293 4016789561380
5 9
4
4 19
3 4
34097486839033 82919812942499
2 7
4
113 508
4053904 61895169
8573 19207
35 103
4
36317 36796
3439 19923
49 85
822174 1167223
3
5644894 11794907
243204 1296421
1634 1635
4
3474 6763
710040 1166209
1 5
566041 866568
2
5183809185 18553926722
363800 1739103
2
56795641963256 157984542324079
275 327
4
131 1787
2 13
322 411
589393461 1184216078
4
1687 3709
157 457
481882385 791896644
49 65
6
11 13
30868381775 31088674912
4 23
85 389
5 7
2 3
3
24292902852688 24759952555703
7 23
33 94
7
16 21
1 5
2 43
8 17
673 1252
5182954 50127397
4 11
3
925086738 1194190709
1999721 2227623
23 26
2
1641921 1881674
2182177097 5355187211
5
1 3
10 23
527 560
12 13
46299481579 58105819283
3
179 206
16 45
1689660943374 5892948269537
4
2 3
1 5
28026874340767 58757069102822
5 17
7
8 11
3 8
2 3
17366102169 58210870787
3 5
47 49
4 17
3
1 9
151527165249 1579651666178
680 1657
2
935346629802672 4189277652107587
3 5
6
36 47
15 32
23247031547 64032851649
1 7
10 11
2 5
4
2 5
2 59
508250518 1084122443
45983 46398
6
169493 9751857
4 11
1 7
199 445
3 4
14439 49409
4
2803 3215
3023 4973
32263477 68517414
4 13
3
1339969712395 1667376070389
10 31
106 271
5
932 1207
2639795 6645787
9 70
20 41
1797 2699
6
4 11
23 27
79 131
109897 138316
1397 27475
128 163
5
7 9
806 1681
9955427 110047126
1 5
1482 2693
6
73 96
2482391 9346181
3 5
2 7
1036 75017
9 17
4
3 7
7 32
6 11
2065500917992 5117250936135
3
1 6
2602235324714 3337534672385
1047 1303
4
730 2191
3 13
103 185
1772035645 3962127474
3
6233817209868 6996662960609
391 617
4 17
4
3 5
6287 127092
311438038 347711191
3 97
2
12741 19268
1177440012819 4749789087125
4
789345 831161
68 73
8931 15487
14932 17805
7
20 31
83 97
5 7
8685 89053
4 5
44 51
18775 66662
3
71437899 167482553
4 5
40292209 50337606
3
17 31
8627504057067 31134169519529
6 11
7
1 5
742 1033
8 11
1 3
16 47
25576 141877
22291 24338
6
10 11
472 1203
4 7
84441401 114674825
9 34
79 223
3
23 39
3 5
111580902936845 162426290299414
6
7 17
27 140
5 11
10293278 23435193
2140 4787
1 19
3
3 5
270365678264737 652101233961512
9 19
4
9 41
2 3
1378750640479 11317168063838
19 23
6
3 11
5 7
1141369 2607753
76 83
13 19
65009 160736
4
8 23
3 7
34608548457 3900083595329
31 66
3
3 7
12972184917146 15419462671863
297 344
4
582043570 604673999
3 13
73282 91015
2 121
4
592796761925 1415519432337
27 29
6 7
157 200
4
4 11
951383 6205776
137 215
998346 2234591
5
1 7
556 967
10 19
167 179
200236137 1912752500
3
2 5
9262029704585 9342773215056
726 1057
3
14797 30649
22333 34748
12666570 14184047
5
32 453
10 29
9 10
7 11
2387698883 48060007639
2
183327328742 204394846685
241698 410153
6
6 7
326377 439228
3 5
5 13
7 87
1909357 2233199
3
3 22
278543089 348098901
2766128 3936095
3
629442309 11116911704
18202 41093
6 35
3
9 17
1740596359 4933008612
207550 467917
3
186 205
44821233 83324961547
2567 3447
3
1 3
10113048 30151835
14443695 104521084
4
5 7
3126643 4225723
3620083 9744507
68 103
5
276 593
237668 248051
12193 127877
15 22
77 103
4
1 7
5167771610383 11010074031001
1 24
12 25
5
13 37
2 3
2 65
38083684231 122140300546
6 19
3
55722944 104654075
1 3
34257179 93248237
4
866 2601
1 5
1235259559 1403326288
53 509
5
18 137
1439 2219
1931482 7646307
3137 3968
2 5
4
13 19
23 31
7624922379826 8849734878855
3 14
4
14 25
272763547387 1646363319676
1 3
127 229
4
6298660 8388559
6954055 44036169
9 20
7 13
2
3 11
3291504401415235 6127045043652948
5
435224786 564309065
1 3
27005 76162
4 7
6 17
1
2911590164880461 14565163959699200
4
191444 218737
5 7
861 3476
1642686 5388475
3
41 111
11265203891 22386892486
15252 25891
3
2962528547714 7532603916995
25 27
15 61
4
120281 122725
115706189 148346373
11 38
21 41
4
583547 2982674
11077 20279
60972 97427
2 9
4
28982 67801
3 4
625693580 4091801183
5 13
4
1033 3303
93 187
36176997 865771252
27 35
4
605437 1021527
6 11
3618628 8122765
113 128
4
12293693660929 17372678091801
2 7
17 89
3 4
4
505359422 889415371
844 1013
1 14
897 4307
6
8353 50882
1 11
18502 199817
642 1093
24 35
2 3
1
2760802894904235 10740347430658342
4
3 16
7224209 67141425
1 7
3282098 4744241
