1000
1
1 2
1
2 3
1
1 4
1
4 5
1
5 6
1
5 7
1
5 8
1
5 9
1
3 10
1
6 11
1
11 12
1
6 13
1
3 14
1
8 15
1
7 16
1
6 17
1
17 18
1
2 19
1
3 20
1
4 21
1
7 22
1
22 23
1
1 24
1
12 25
1
15 26
1
14 27
1
3 28
1
9 29
1
11 30
1
22 31
1
27 32
1
32 33
1
15 34
1
8 35
1
1 36
1
36 37
1
27 38
1
16 39
1
29 40
1
14 41
1
13 42
1
9 43
1
9 44
1
7 45
1
5 46
1
9 47
1
47 48
1
32 49
1
3 50
1
25 51
1
15 52
1
8 53
1
37 54
1
53 55
1
13 56
1
29 57
1
45 58
1
43 59
1
49 60
1
55 61
1
33 62
1
10 63
1
53 64
1
22 65
1
31 66
1
23 67
1
47 68
1
43 69
1
31 70
1
10 71
1
47 72
1
9 73
1
31 74
1
13 75
1
35 76
1
24 77
1
23 78
1
26 79
1
39 80
1
47 81
1
15 82
1
70 83
1
79 84
1
48 85
1
3 86
1
80 87
1
67 88
1
22 89
1
67 90
1
41 91
1
33 92
1
65 93
1
9 94
1
27 95
1
43 96
1
24 97
1
69 98
1
94 99
1
33 100
1
6 101
2
891 2500
848 1367
2
3311 5251
1157 1435
2
313 539
713 8777
2
6709 7143
4824 6425
2
1817 7164
5533 8857
2
3113 9545
1467 8548
2
5525 7902
1338 7405
2
725 4386
1131 7573
2
1432 3027
2807 6106
2
1184 7927
1097 2962
2
2969 8754
222 2767
2
1737 5098
335 7707
2
2950 6419
3967 6731
2
1371 4553
1809 3544
2
263 1188
434 1357
2
696 5515
5732 6841
2
842 1195
1595 4904
2
5448 9515
3202 7973
2
409 977
2381 5806
2
319 808
786 1879
2
1681 2090
7113 7261
2
4823 6096
1783 5623
2
1811 6422
4347 7933
2
1265 4274
3358 6271
2
3527 7029
1713 5278
2
211 2425
4533 5438
2
4196 9459
1649 2143
2
3665 9016
3205 5919
2
6381 7546
398 9535
2
679 6408
2032 3097
2
847 6779
935 1818
2
1149 2062
4991 5197
2
1179 1579
5666 5937
2
1451 6486
23 1277
2
511 5340
1650 2573
2
329 9910
1009 5341
2
863 2360
2856 3067
2
1869 9955
7552 8241
2
4728 4847
3433 7648
2
51 428
3831 4729
2
769 6850
157 2939
2
2911 7150
3775 4501
2
639 5038
311 2835
2
6878 7469
653 8714
2
895 7448
47 255
2
5609 6370
2820 7883
2
3323 5504
326 3925
2
2457 2698
5704 5867
2
3263 6971
2548 7333
2
5101 8890
2081 5073
2
7 5038
1423 4739
2
2405 3761
1219 8262
2
4439 4744
4732 8997
2
1853 3224
6912 7921
2
107 469
8597 9920
2
2855 3503
6979 8857
2
6530 8549
5923 6185
2
787 9705
6269 6428
2
2383 6490
412 3303
2
1246 7213
8497 8885
2
2587 5745
5197 7474
2
1007 1088
687 1991
2
3799 6395
423 1741
2
8017 9189
7789 9905
2
1101 1631
1025 1242
2
4048 7925
649 7186
2
2717 4614
255 407
2
8789 9773
953 2650
2
1352 2889
295 296
2
3050 8197
2142 2659
2
137 1266
3049 6047
2
7149 8198
2206 7331
2
1619 3845
7043 7309
2
1517 2978
924 2113
2
2227 5795
95 181
2
3269 6059
14 37
2
3515 5127
5040 6071
2
1573 1614
3359 9509
2
1498 5053
3412 6909
2
1623 5986
3394 5583
2
56 2301
519 4690
2
4563 5858
5466 7931
2
971 1122
6437 7685
2
5954 6035
5201 5986
2
7117 9348
370 2209
2
1297 1917
424 1115
2
983 1084
2426 2559
2
5599 8222
532 2725
2
1982 2387
3301 6337
2
5723 9104
6227 6531
2
1424 2905
1959 7571
2
13 27
1116 2551
2
2309 2436
187 313
2
169 1088
1072 1099
2
4051 5464
3667 6255
2
295 4781
5101 9950
2
2239 5722
345 2641
2
1265 3264
1 41
2
1073 6966
489 6655
2
3643 8346
1612 3437
2
563 2566
6508 8341
2
767 2235
7839 9856
2
2731 9430
1655 3809
2
3365 4977
2165 4241
2
3853 3938
3433 4889
2
4253 4266
50 203
2
1625 4118
6521 7849
2
448 5165
5497 9852
2
4037 6879
433 3800
2
1373 4452
102 541
2
1552 6671
4733 6877
2
3416 5349
1341 9566
2
239 5557
387 3110
2
651 1133
279 1676
2
1117 2000
107 349
2
658 2893
181 3585
2
3021 3440
22 137
2
5312 5985
83 607
2
1189 2695
1773 2048
2
1179 2896
202 341
2
4989 5675
1394 2793
2
4627 8856
3510 5609
2
3113 6059
2003 6273
2
3787 7132
1698 8069
2
3368 9861
1781 4564
2
223 458
7198 9405
2
1499 1900
635 8549
2
2239 9618
310 8179
2
6736 8197
1147 2854
2
805 1476
1260 2767
2
686 967
1861 5196
2
939 6974
6769 7053
2
871 5667
2061 4258
2
1220 4347
208 8153
2
5242 9009
1477 5312
2
276 1241
5731 8491
2
5063 5889
2157 7075
2
5337 5998
1659 5069
2
3739 6076
2277 5909
2
677 7059
347 2180
2
2381 4803
1741 5752
2
1433 4546
3824 6231
2
3349 9243
2545 7354
2
456 9365
237 2408
2
2866 4407
188 1891
2
2235 2413
56 771
2
3187 3416
53 1275
2
1473 4400
301 409
2
3775 3809
723 803
2
2777 4763
503 1615
2
441 6910
185 4097
2
1137 1505
3599 8774
2
491 1337
790 2637
2
4381 5713
3773 6001
2
1289 4104
936 1973
2
2512 5167
853 1391
2
263 2922
3623 4423
2
703 1431
7116 7703
2
3013 4280
333 7159
2
1457 4265
2441 3174
2
97 107
397 7499
2
2817 3292
8329 8607
2
6383 8565
737 4658
2
1825 3064
6106 7849
2
8331 9712
2276 3599
2
1794 2929
521 7256
2
3573 6362
1819 8723
2
3933 4808
8200 9191
2
7258 9017
296 4007
2
4865 9834
467 1439
2
4587 7048
2010 9001
2
233 1920
2424 3569
2
2267 6658
2456 2503
2
4309 7679
383 2472
2
1058 1091
204 205
2
853 1048
5888 6075
2
918 7549
4039 4241
2
1517 4500
239 517
2
142 539
7793 8130
2
1379 2812
1432 3929
2
2691 5594
858 1315
2
3299 3665
1724 3471
2
613 3721
2965 4578
2
3871 5228
1025 2679
2
1273 6272
1319 2075
2
223 3594
7387 7927
2
6779 7515
809 7483
2
6091 7246
3863 7233
2
2785 4046
21 7865
2
4017 4124
5075 5121
2
798 953
467 1840
2
5081 8352
3249 6599
2
1347 2516
6724 9275
2
7892 8495
7 9232
2
453 2876
619 2249
2
2804 8425
1429 1583
2
2672 5409
2765 5764
2
611 8114
4880 5709
2
1101 1159
1297 4439
2
2 131
1911 1993
2
211 4548
1959 5165
2
381 460
3095 9357
2
191 8222
911 1765
2
1650 6697
1843 3327
2
7967 8198
2431 6267
2
1475 3332
4890 6143
2
1677 3478
5577 9211
2
1825 3302
5822 6473
2
1133 5651
5021 7706
2
1676 2585
251 7364
2
877 6143
5720 9949
2
4399 7939
1041 8932
2
2935 3102
315 5207
2
2975 3238
3770 5593
2
779 4243
314 7999
2
3242 4769
949 2010
2
4157 7122
2708 5665
2
2835 8369
8001 9385
2
869 6228
3016 9241
2
1333 2550
1110 2597
2
3457 9326
3062 9655
2
449 1591
2285 2963
2
2047 8484
4594 7865
2
2149 6878
7559 9001
2
1457 2000
3599 7419
2
5233 9869
1920 2333
2
1391 2732
226 801
2
2881 6341
7924 8325
2
1281 1825
251 4426
2
1862 4831
103 2360
2
6515 7536
1169 1249
2
2263 7372
2249 7185
2
587 5472
700 1979
2
2455 7328
4495 8861
2
3035 5934
1976 4367
2
249 2590
3990 8503
2
5803 7284
144 1841
2
1225 6777
2479 8780
2
2249 6914
2 3419
2
4479 4865
5397 9964
2
925 7968
3988 4223
2
3511 8648
7374 8501
2
2341 9838
5961 8471
2
3414 3809
5061 8272
2
7507 8422
2867 9227
2
225 2329
1279 4704
2
2169 6751
2233 5804
2
4255 8576
2286 9775
2
1595 6802
4374 4955
2
2177 4136
1840 2263
2
1051 3128
7460 8223
2
5222 8119
151 358
2
6851 9136
79 1685
2
1687 2770
2334 6859
2
4271 4272
42 2053
2
2311 7022
6560 9613
2
6455 7554
678 5353
2
2837 4126
1421 4791
2
1058 1631
5752 7457
2
3986 6689
6533 6684
2
321 1502
3407 4197
2
351 4154
1140 2231
2
1427 3679
1325 3099
2
449 3431
1517 9243
2
9389 9936
28 1013
2
1656 3635
3395 5878
2
2099 7680
2988 7381
2
409 2802
3919 4343
2
191 263
1233 8636
2
7931 8026
427 2001
2
4819 5083
2535 3002
2
1013 7474
3800 4981
2
2621 6200
2407 9763
2
1699 8778
7952 8069
2
3361 4572
9063 9781
2
6883 9120
6015 7843
2
3745 4371
731 3406
2
121 546
2403 8483
2
1927 5438
638 4029
2
3738 6491
2715 4907
2
1853 3308
7135 7361
2
5848 8715
1405 2006
2
1974 3053
3221 4814
2
319 428
3208 9541
2
5395 6482
7303 9697
2
1759 2687
1983 5557
2
5717 6790
1270 7593
2
3159 3860
1475 4097
2
2873 7294
5487 6583
2
438 1943
1066 3803
2
1777 7745
1635 3344
2
1716 2807
465 1558
2
957 1511
139 1890
2
643 878
3358 3775
2
1449 6830
404 2879
2
2377 2569
2286 7351
2
431 4806
2554 3397
2
2545 5522
1532 7947
2
71 5203
1063 3547
2
23 4452
916 1283
2
727 2268
3684 3901
2
1209 2047
769 6880
2
3279 3346
6448 8601
2
1065 2614
3243 4775
2
607 8378
893 1485
2
584 2083
154 685
2
497 2298
3526 6421
2
494 643
229 1496
2
4337 5634
703 1981
2
3341 8508
1319 1825
2
5099 7108
124 8491
2
993 4631
3273 9490
2
4 999
325 7708
2
23 165
2413 5228
2
4177 8384
935 5679
2
3033 5143
1707 2750
2
637 4623
1609 9830
2
4113 6631
3727 4236
2
1837 3937
2797 9891
2
4650 7751
20 71
2
657 3244
2638 2855
2
263 905
71 106
2
3354 4145
2453 4732
2
209 544
311 385
2
5509 8384
1444 6221
2
1453 2571
11 2648
2
149 892
4871 6249
2
221 437
438 487
2
1942 2119
1787 2325
2
395 837
5799 8009
2
3590 3613
2231 2490
2
2197 4311
4346 5729
2
1021 7166
788 5799
2
3089 8830
299 3641
2
8145 8942
7023 9737
2
743 850
877 1213
2
255 1108
5044 5177
2
3511 6315
279 4054
2
380 2769
2563 7616
2
6367 8052
1912 1921
2
605 2304
5279 9425
2
5587 7118
2199 2693
2
1478 7641
351 1319
2
3465 9664
83 421
2
3107 4241
905 2092
2
5085 8492
1141 1789
2
1640 3573
295 1328
2
3411 6370
1255 3499
2
1205 5557
2015 2823
2
5395 9254
979 7869
2
6209 8098
3730 9859
2
7239 8270
1145 3961
2
869 9234
842 1799
2
2289 3986
4832 7187
2
5944 8081
2771 3276
2
911 1341
1052 1475
2
1235 3516
52 1507
2
4295 8354
47 233
2
3113 5252
3394 8259
2
23 985
1787 7442
2
7493 8430
722 1319
2
3431 8412
5453 7157
2
2174 6005
715 1757
2
6308 8895
5953 7958
2
724 1791
757 2452
2
8375 8796
832 1585
2
1785 4324
88 111
2
5101 5901
4655 6206
2
1365 5272
408 1367
2
901 6048
1402 2473
2
873 5348
2474 8091
2
3968 6215
3814 5429
2
970 3917
3437 6140
2
1307 1561
7492 8493
2
430 1407
1 8944
2
4119 5842
1454 5099
2
6224 7039
1499 2124
2
1541 1632
1597 5969
2
5923 8990
2839 2949
2
2619 3724
5882 8249
2
4273 5038
287 643
2
527 2182
711 3281
2
1375 9428
948 4835
2
1161 1730
6796 8889
2
3007 9582
1127 4775
2
1829 3008
3319 7993
2
4040 7231
4094 8739
2
2019 6962
743 3683
2
643 4380
2123 2743
2
4055 7226
821 1911
2
1615 2032
188 233
2
2439 2669
3941 6347
2
4561 4950
4585 8263
2
5485 5797
3231 4178
2
1615 2598
5087 6163
2
350 5207
3251 4929
2
139 264
138 929
2
2383 2788
7996 9285
2
1718 3101
4980 8399
2
7013 7416
355 6841
2
1749 6592
160 779
2
763 6007
4351 6149
2
5972 8565
2911 3206
2
4990 6337
66 1123
2
557 3126
2045 3557
2
4473 9350
2722 6073
2
818 5377
2262 6451
2
5869 7470
2988 9953
2
1233 6976
3282 3433
2
2828 3399
846 2567
2
163 222
353 6755
2
241 3038
254 2613
2
7197 8831
799 2978
2
6229 7674
89 425
2
919 2226
615 4189
2
3269 3596
523 657
2
5821 9921
5679 8740
2
187 2546
1018 8313
2
2323 3126
1853 4451
2
7781 9196
9404 9675
2
123 1192
10 399
2
393 3580
253 287
2
1661 2572
2683 8535
2
454 3785
3737 7196
2
823 1834
435 1151
2
6449 8868
2817 9203
2
5557 6556
2026 9583
2
1046 5243
1684 3651
2
1286 2013
2907 7115
2
2333 4367
7777 7885
2
803 5534
493 3645
2
2963 9595
1487 9461
2
353 5588
4469 8479
2
4483 6386
6281 7407
2
3928 9451
931 8016
2
1059 1745
1131 1162
2
3938 6559
1240 6747
2
39 4084
1499 7903
2
1785 2234
4381 8575
2
328 529
677 9672
2
824 5457
2818 2899
2
547 2132
2362 4257
2
3729 8149
479 7564
2
2 2691
8071 8642
2
107 6627
359 419
2
1663 6429
3952 4585
2
345 1613
4021 5456
2
665 2594
360 1181
2
5653 8336
230 4173
2
9 113
6485 7344
2
37 4920
5908 9007
2
121 276
870 1283
2
48 73
6391 9588
2
2557 5085
489 7811
2
33 263
1007 2796
2
3936 4585
2395 6211
2
1724 5043
1430 4457
2
3709 6755
2836 8607
2
465 692
5162 9743
2
3293 4949
654 8567
2
4973 5988
909 1577
2
521 9924
785 4493
2
1631 6744
2024 8197
2
1930 1981
843 3968
2
1469 2270
1336 8817
2
3844 6161
3349 4118
2
1579 2972
7593 8365
2
623 9326
4941 7037
2
436 1719
6742 7745
2
588 925
1430 2851
2
3041 7685
719 1066
2
880 2637
5571 6553
2
3428 4487
597 2456
2
13 1808
4286 5187
2
3053 9934
2545 7023
2
1563 5863
1439 1883
2
4289 5380
144 161
2
1736 6339
2380 8831
2
3683 4056
1144 5275
2
5298 6167
4597 6010
2
125 686
371 6617
2
7635 8396
898 1449
2
5356 6339
394 547
2
1429 4179
300 5543
2
2547 2918
7521 7969
2
17 4908
1996 4897
2
1987 9006
3582 8149
2
4333 5987
2403 3761
2
625 2021
1113 3664
2
5939 7284
1977 5167
2
7535 9832
2250 3739
2
211 3410
511 521
2
605 3667
383 1790
2
2293 5363
2044 3335
2
5125 7176
983 6779
2
13 486
682 889
2
2633 8218
347 363
2
97 638
1981 2341
2
3727 5691
1122 7541
2
2331 3067
1575 7438
2
2109 5176
892 5661
2
1436 4737
664 2515
2
5871 9152
143 645
2
500 3909
1091 6536
2
2695 5356
850 2181
2
6641 8470
3842 6607
2
3871 7037
1177 4286
2
214 257
661 2454
2
1861 3034
296 645
2
3601 5295
867 7279
2
1067 6131
2603 3594
2
3376 9681
1251 2257
2
973 1224
6598 9853
2
19 208
2432 4377
2
1811 6517
613 7078
2
2 299
43 262
2
3741 6755
5021 5513
2
5737 9880
1371 2219
2
445 1353
2461 3694
2
817 1253
541 2165
2
437 4837
4287 4558
2
909 1610
4859 8733
2
6527 8190
2757 5393
2
5869 8400
6429 6851
2
6149 9228
4139 7103
2
8608 8985
949 2348
2
4619 9237
1171 2705
2
1587 1964
229 637
2
3571 4476
1260 8903
2
253 928
622 3713
2
1949 9218
1690 7323
2
7238 8775
3111 8569
2
3831 4942
564 1559
2
1264 7807
6789 7438
2
2851 5436
2079 7153
2
1640 6903
493 2794
2
631 692
431 647
2
3457 7271
2575 3228
2
7522 8223
474 635
2
5393 6220
433 999
2
6283 9848
5176 6935
2
1315 3122
4418 5253
2
39 790
4689 5179
2
3031 4146
4465 5609
2
3188 6815
94 107
2
2775 5662
29 225
2
4985 6998
238 269
2
3169 9678
1949 8207
2
3127 7547
5693 8200
2
5972 6069
860 2491
2
2903 8648
2350 9257
2
7059 8111
3702 5227
2
8839 9122
645 859
2
289 888
6027 9797
2
133 6374
1091 2257
2
5611 6830
7891 9963
2
1631 2963
1912 6879
2
931 4194
3326 7793
2
2459 3809
9022 9603
2
1771 6444
3915 8753
2
7015 7306
1899 8341
2
1447 1970
95 1581
2
551 4238
4181 4853
2
51 8470
6424 9453
2
1970 5157
612 1271
2
58 611
4775 8189
2
967 3001
4438 6577
2
3553 6524
581 7713
2
1458 1673
4939 9965
2
4545 6178
1490 1803
2
1087 1605
3461 8879
2
255 2348
802 3941
2
490 2473
2898 6151
2
4999 5241
3135 4409
2
377 6085
193 258
2
34 53
1726 2599
2
2448 7405
265 1729
2
4123 5885
1010 2671
2
44 69
5673 6809
2
3739 6544
4825 9093
2
6513 9544
2033 3967
2
3201 3952
6052 7365
2
5258 9015
6983 7337
2
465 596
568 879
2
327 1058
1696 2859
2
91 1128
2797 6665
2
4759 4954
5618 9549
2
1549 2998
738 9839
2
4441 9998
1075 8521
2
6039 8045
3877 3981
2
681 3289
81 86
2
2704 4253
296 2001
2
251 5284
398 1407
2
3047 7364
5 1371
2
39 344
2742 5281
2
1316 4671
103 394
2
359 3702
194 655
2
851 6432
2981 5743
2
5601 7295
1361 9161
2
307 632
624 2585
2
701 3507
2249 4243
2
1441 4046
531 2747
2
2077 4806
6157 6247
2
3049 3828
2539 4921
2
1977 2249
2453 3538
2
3074 6993
7001 9788
2
2780 8317
3883 6806
2
356 359
123 2438
2
1249 1760
600 1607
2
2770 7827
1965 3133
2
3528 5179
1717 2639
2
2037 7640
2805 3661
2
3685 6386
2490 2593
2
8097 9896
4150 5913
2
529 1250
5124 7393
2
4695 6034
122 243
2
175 1182
5721 8959
2
3869 4019
595 3148
2
446 1223
27 5588
2
4065 4706
761 2055
2
1607 7060
4240 8763
2
179 1391
5711 7294
2
5 6
1314 7387
2
883 3799
1484 2295
2
283 1523
267 476
2
2951 4062
5454 6433
2
3617 4762
2679 7553
2
901 5074
5141 6279
2
1804 4413
3427 6545
2
4553 5640
133 1061
2
1334 2985
4913 7676
2
1546 3271
1823 2914
2
3673 4858
523 4509
2
2407 4488
195 3979
2
7977 9740
2651 5773
2
3195 3812
1372 5585
2
2361 3032
701 6117
2
1979 6573
1633 3362
2
5533 8435
15 494
2
8528 9791
37 162
2
9 44
6952 8629
2
515 702
9794 9985
2
557 1969
2527 5224
2
3643 4926
8735 8969
2
3691 5620
3359 4061
2
3310 7371
600 2671
2
6561 6604
536 4411
2
369 6937
2164 5847
2
4189 5334
377 1171
2
6203 8188
311 2867
2
7078 7619
5614 9943
2
190 7427
739 1182
2
3946 6647
1445 4014
2
3376 4079
4533 7358
2
877 2207
665 972
2
137 922
905 3139
2
3323 5484
81 265
2
2693 4473
1512 5797
2
78 115
2578 2733
2
6001 9600
3046 3347
2
583 679
1644 1753
2
167 2501
6586 9159
2
745 912
7270 8131
2
6907 8358
1612 8495
2
1577 7757
2007 2399
2
6067 6090
1880 6823
2
1874 3415
2576 5613
2
9551 9588
133 6449
2
3177 4417
2691 5353
2
256 1585
4523 5689
2
287 1182
8214 9905
2
3607 8344
629 8787
2
2255 2782
502 3903
2
4601 5534
1128 4415
2
7564 9449
1426 1499
2
1397 2980
6653 6659
2
47 123
57 8768
2
2449 6581
8416 9135
2
988 3375
414 721
2
2236 9603
4703 8968
2
2375 9374
1853 2199
2
1439 5766
9532 9587
2
153 8995
5327 8934
2
99 217
2173 3548
2
351 772
1721 7221
2
3955 8572
2576 8213
2
1843 3684
3090 3773
2
3349 4737
6459 7300
2
6785 9904
47 99
2
1789 1852
2603 2709
2
711 995
1093 5502
2
1494 7679
3205 5713
2
3950 4599
1001 2347
2
1090 1943
698 2447
2
927 9644
4443 7223
2
255 937
3838 5279
2
680 1217
1187 2260
2
2539 4612
6604 6913
2
373 1152
535 3397
2
1607 1932
3010 5581
2
2461 2477
111 1724
2
215 7308
2502 4589
2
1661 4870
1000 1733
2
6029 6549
63 820
2
2052 7631
2692 3379
2
605 2463
473 1396
2
2110 2159
1344 4037
2
4631 5200
1484 1513
2
2959 3552
351 2411
2
4249 9510
2221 8573
2
3679 4274
1222 3597
2
8584 9087
691 998
2
3271 3372
4266 5605
2
2170 2333
1055 1272
2
1163 2618
1340 1833
2
1005 4994
1151 1765
2
52 8323
3961 5718
2
3641 5763
1270 4207
2
799 2263
625 1547
2
4793 8745
4999 6614
2
82 5733
907 4534
2
4645 7583
3205 8127
2
2337 2525
4451 9681
2
2603 5030
1509 8459
2
1336 4527
4203 4367
2
3211 3974
6250 7179
2
821 3534
5080 9847
2
2467 2601
831 1855
2
6833 7198
6954 7877
2
5063 8200
2322 4109
2
6139 8212
71 339
2
4061 9284
1552 3423
2
2349 6052
5650 7187
2
23 8679
4715 5458
2
3047 5411
8604 9085
2
539 830
632 1729
2
5401 8070
3649 3821
2
4377 7076
3507 5641
2
73 436
443 2573
2
2195 6712
5889 6437
2
1779 3944
1196 9807
2
545 6112
8213 8645
2
449 1655
2049 3686
2
1689 2102
2354 5429
2
2333 8470
3511 5771
2
1607 6176
2509 2517
2
1451 8065
225 5467
2
613 8657
587 5581
2
1318 8867
3747 6838
2
4203 7016
912 1051
2
1997 5978
569 1439
2
3221 8578
2586 4309
2
1615 1764
2338 6623
2
37 5980
337 2947
2
3877 5550
445 9449
2
5286 5599
129 142
2
787 1640
2887 3439
2
802 5351
689 5634
2
5397 7018
5335 5921
2
8411 9156
613 1205
2
29 1182
3085 5477
2
8495 9153
1265 6542
2
4361 5464
6210 9163
2
1306 1561
2997 3695
2
751 1626
1127 8039
2
6236 9307
2557 4074
2
499 1165
2747 4084
2
3303 8915
1575 3571
2
3487 6722
2794 5733
2
2243 3881
4181 7978
2
1538 4397
1017 2000
2
1335 1352
2657 8915
2
1 166
6315 8627
2
4743 7159
1407 9160
2
2899 3492
528 5579
2
356 8931
6866 7207
2
575 576
3314 4237
2
2129 5562
199 1999
2
957 2537
519 9568
2
1703 8750
390 2417
2
865 4943
4693 8570
2
6121 7566
2811 3343
2
447 4640
3103 3113
2
2983 5067
201 8242
2
3763 7304
959 4097
2
656 847
4117 4857
2
1193 2055
3599 9626
2
4637 9426
1929 6445
2
1003 2008
979 5881
2
4493 9579
2845 3736
2
9299 9850
646 1917
2
351 1828
959 5967
2
3065 7952
3410 3761
2
154 9931
743 5406
2
1911 5840
491 539
2
2387 4238
6328 7195
2
602 859
430 697
2
620 2119
821 1867
2
4393 9599
676 2787
2
623 1324
4973 9499
2
7547 9487
4821 9583
2
3625 3858
1653 1801
2
7608 8959
261 9467
2
2628 2989
925 5984
2
1066 3715
3727 5119
2
1826 7311
7058 9547
2
2999 6372
6973 7709
2
293 396
2336 3445
2
864 1903
3293 4168
2
292 341
923 3130
2
5897 6979
5587 5976
2
7701 9974
953 9957
2
2961 4012
5399 6807
2
3144 5561
2612 2875
2
6406 9035
5404 7611
2
3717 9565
1699 2039
2
1551 7913
2843 4110
2
2565 5416
3632 5395
2
2015 5756
2865 3857
2
2713 6000
5417 9889
2
8293 8646
5015 5527
2
5246 7787
3522 4295
2
6968 9627
417 3464
2
3937 4857
1967 9104
2
526 2719
1703 8158
2
5376 8861
6181 8272
2
523 2828
330 457
2
3257 3870
7361 9047
2
5617 7438
526 1119
2
1464 7175
1036 3809
2
2364 9493
7499 9912
2
1975 2993
149 5384
2
205 1272
7012 9647
2
277 1569
2595 3251
2
1418 2285
6685 7194
2
917 4314
387 1733
2
3332 3659
3163 6630
2
282 413
2509 4322
2
178 2291
2387 5519
2
7173 9517
137 1854
2
3214 3595
54 221
2
277 9543
498 9013
2
3710 7923
5949 5950
2
3281 5350
1014 6707
2
1465 2432
816 1243
2
3068 4219
5623 5744
2
1601 1826
2245 4797
2
3467 4204
5006 8553
2
4844 5679
323 946
2
1631 3502
7373 9399
2
214 763
1065 7642
2
5653 7416
2354 8227
2
591 3545
2953 5594
2
5000 7127
2069 4142
2
3494 6087
1807 9049
2
196 3011
325 1162
2
2209 4118
258 265
2
3409 4404
1329 6299
2
755 3571
4059 5462
2
3012 4075
2496 7231
2
2213 4468
2 1021
2
4793 5684
213 607
2
437 560
3607 5721
2
4005 5972
14 2031
2
2070 2309
95 99
2
3167 5930
70 7113
2
1322 2503
1397 2504
2
5570 5823
90 143
2
655 4444
2622 3295
2
3941 4449
6654 8407
2
1823 9760
2061 4537
2
277 1434
912 3221
2
3083 6796
2072 8493
2
3599 3740
994 1467
2
1415 2746
1744 3135
2
709 2748
170 781
2
989 2020
1112 1571
2
248 1183
2267 2662
2
2345 4153
6061 6253
2
173 2893
848 883
2
7779 8429
761 826
2
2135 2414
2101 6819
2
2577 8996
292 1799
2
73 1587
6173 7715
2
1183 7226
4533 4733
2
609 3104
2190 9223
2
397 901
2772 2773
2
4206 6605
1419 2576
2
1943 5100
315 827
2
1203 9800
881 3929
2
1085 4027
3974 9511
2
1427 4228
1546 1935
2
1355 2958
372 1463
2
1912 3055
3567 9218
2
371 1719
997 1480
2
1976 2585
2685 5248
2
409 9800
8 151
2
3057 3382
2151 2473
2
4123 6936
4358 8863
2
836 3963
1645 2314
