1000
1
1 2
1
1 3
1
3 4
1
2 5
1
1 6
1
5 7
1
3 8
1
8 9
1
9 10
1
9 11
1
7 12
1
10 13
1
11 14
1
13 15
1
1 16
1
11 17
1
13 18
1
4 19
1
11 20
1
2 21
1
7 22
1
3 23
1
13 24
1
22 25
1
1 26
1
2 27
1
1 28
1
18 29
1
13 30
1
13 31
1
21 32
1
26 33
1
7 34
1
8 35
1
17 36
1
17 37
1
25 38
1
35 39
1
9 40
1
35 41
1
25 42
1
7 43
1
7 44
1
13 45
1
25 46
1
18 47
1
17 48
1
20 49
1
11 50
1
16 51
1
51 52
1
49 53
1
19 54
1
38 55
1
23 56
1
44 57
1
25 58
1
13 59
1
23 60
1
13 61
1
59 62
1
22 63
1
43 64
1
33 65
1
25 66
1
12 67
1
53 68
1
19 69
1
61 70
1
12 71
1
61 72
1
21 73
1
17 74
1
16 75
1
7 76
1
15 77
1
41 78
1
41 79
1
69 80
1
56 81
1
19 82
1
61 83
1
65 84
1
79 85
1
41 86
1
22 87
1
75 88
1
69 89
1
11 90
1
67 91
1
85 92
1
29 93
1
15 94
1
13 95
1
67 96
1
24 97
1
41 98
1
38 99
1
23 100
1
38 101
2
676 2947
103 410
2
707 915
6355 8596
2
2674 3971
1972 1993
2
958 2767
398 3035
2
3421 8318
1809 2245
2
7803 9952
323 1157
2
2501 5127
4003 5204
2
5413 7292
2304 2909
2
1921 2574
140 1721
2
2497 4432
4361 6443
2
5506 8083
1687 1795
2
577 4656
553 967
2
2367 8152
312 2423
2
2240 4119
2844 3425
2
591 7063
2513 7536
2
8986 9867
1187 2960
2
1483 3966
2048 9829
2
5399 5469
44 1043
2
1117 1474
2348 6431
2
3505 7224
946 1997
2
1211 2259
27 530
2
1743 9046
1166 2037
2
5989 9294
4085 7637
2
3382 5977
887 4642
2
4964 6159
7395 7474
2
2595 7457
1513 4124
2
1686 6161
2748 4457
2
435 1204
114 1373
2
198 3757
773 2920
2
2972 6617
3247 7853
2
429 7873
619 847
2
2718 5395
835 969
2
7131 9500
398 5511
2
6503 7594
8608 8909
2
7349 7368
8680 8951
2
955 1242
984 7543
2
157 1311
1996 7535
2
4549 5358
39 191
2
1179 4648
1837 3887
2
437 9972
64 3923
2
159 316
2025 9007
2
1644 3485
397 3788
2
1493 2257
89 7333
2
6289 9600
2237 9629
2
2012 8455
5263 8671
2
2339 9825
337 634
2
827 2926
4667 6031
2
517 3946
2230 4093
2
3071 7232
2015 2863
2
7757 8556
894 5647
2
1739 8200
2792 2981
2
797 1030
2799 6859
2
655 1308
1 539
2
2350 7101
2305 8446
2
4085 6906
137 967
2
5145 8674
1120 5799
2
173 2840
492 2263
2
733 1206
3462 4805
2
3025 7448
2601 2965
2
211 3471
937 1234
2
8099 9440
3680 7657
2
379 5763
9 721
2
2807 7048
5105 5843
2
27 5326
1339 9697
2
283 2983
1295 7899
2
2815 3942
3320 3817
2
2791 3021
555 1928
2
730 4279
2020 2427
2
3827 5908
3704 4945
2
4733 6130
3923 6641
2
2508 6917
232 3979
2
768 1357
605 1858
2
1922 6387
181 1036
2
891 6100
1229 4753
2
6450 9677
4003 7373
2
481 1652
2626 8313
2
1830 9583
465 596
2
6370 9133
3640 3789
2
1099 3588
1601 9125
2
138 6211
275 2586
2
4639 5642
668 1769
2
5006 5919
6691 9649
2
4091 5836
894 8911
2
2653 4878
6327 8009
2
851 6455
6907 9481
2
2418 3395
8993 9988
2
1229 1304
22 1797
2
8497 8740
2120 2569
2
6597 7378
5448 8431
2
161 428
79 441
2
1196 3251
2588 4127
2
3367 7704
113 4663
2
175 456
726 4849
2
2060 2251
2625 3662
2
2620 5297
2017 2385
2
5007 5701
131 2592
2
4878 5267
1253 1667
2
1751 2126
2 913
2
13 441
2389 9998
2
1842 2617
1627 2165
2
1287 2479
3425 4178
2
1861 9498
7500 8783
2
1441 2352
1214 1705
2
1799 3924
2370 7603
2
5611 5919
465 6404
2
3508 7071
639 2608
2
262 6049
3869 5778
2
2579 9136
397 913
2
1297 9124
678 1625
2
2865 3122
1948 2563
2
3109 7110
361 1363
2
1427 3260
47 177
2
2971 3828
875 4621
2
4174 7807
4975 7799
2
2815 3657
405 491
2
197 6720
470 2539
2
81 146
139 1391
2
1427 6728
4451 8881
2
642 1225
1258 1503
2
1331 4296
2571 4669
2
615 1738
802 951
2
1107 1430
1681 4619
2
2403 2620
2293 4837
2
6177 9016
118 129
2
549 9632
3081 3967
2
3893 5378
490 4297
2
2091 9862
1997 2729
2
561 3352
4455 6751
2
766 5545
257 1902
2
13 2478
8695 9013
2
2177 5542
3993 8189
2
2757 3529
1652 8115
2
863 2124
538 1117
2
404 1877
181 203
2
478 1219
1003 3465
2
1147 6248
2086 4531
2
2551 2928
6542 9949
2
73 1395
377 8056
2
3155 5492
899 1065
2
1358 2199
7747 8750
2
1091 6130
777 3307
2
1761 6118
4016 7333
2
6409 8235
4541 6136
2
2401 9094
5558 8221
2
3559 5401
4664 5305
2
7 27
1481 7522
2
173 6103
7459 9960
2
2367 6634
2060 5289
2
3517 7965
2074 2581
2
1189 6418
90 2531
2
5973 8146
1414 2925
2
947 3474
86 125
2
6239 6927
2918 4091
2
3299 9432
282 3299
2
2833 6955
8165 8287
2
4379 4510
1789 2247
2
1409 1805
6036 6917
2
338 1889
1053 4504
2
2094 9901
706 6075
2
817 2896
2521 3483
2
8119 9239
1214 4465
2
4701 6652
512 1995
2
1856 6739
1141 5564
2
13 1158
3393 6155
2
1421 2682
2126 9935
2
1766 1905
4235 6074
2
7939 8040
4380 7141
2
59 4536
2848 3163
2
467 5561
4563 6965
2
153 932
4216 4897
2
1999 8746
460 1843
2
4547 9988
911 2597
2
2206 3695
1021 2702
2
2785 6474
3437 6785
2
2379 5140
4432 8247
2
6390 8471
353 432
2
3588 3911
167 1844
2
3509 4639
2017 6622
2
537 2159
1613 4076
2
521 1412
5000 5397
2
6023 9338
2634 3205
2
835 2042
371 5603
2
7041 7852
4260 7783
2
3933 5530
5127 9839
2
1539 2336
4082 8267
2
209 1484
723 4363
2
3531 3725
3203 4253
2
181 1256
3349 7073
2
7547 9140
1997 6753
2
5909 8202
322 517
2
5837 8743
83 114
2
523 4922
7155 7391
2
1069 1694
497 4379
2
3403 5932
331 2587
2
2177 3302
1089 1355
2
2199 4885
2972 3041
2
221 1774
3928 8343
2
6087 6326
4190 5149
2
1651 2608
7652 9709
2
177 9818
1936 2617
2
755 2932
3296 6387
2
2573 3977
695 5806
2
7337 9395
1193 7473
2
4634 9661
37 659
2
4751 5838
2435 6169
2
821 3174
3609 4253
2
6707 8973
1647 2098
2
6389 7712
802 4297
2
365 1298
2753 3169
2
680 8931
1397 3383
2
147 3583
668 2787
2
53 7223
346 1611
2
3307 5538
713 4559
2
1297 1561
5465 6792
2
721 3544
5071 8705
2
1123 7935
269 7586
2
592 2391
2629 6337
2
67 3033
73 164
2
187 5564
76 301
2
3259 7260
4336 4669
2
7376 7663
4636 6625
2
2007 6338
2444 2901
2
4149 7696
1314 7361
2
595 3109
243 311
2
4827 7426
2965 3441
2
3087 5548
635 5481
2
2647 3860
1834 4793
2
469 6273
940 8647
2
124 163
1041 3226
2
239 621
3427 8104
2
4384 4999
1241 9823
2
1013 1836
2724 3805
2
533 4115
2841 3614
2
4019 8800
2399 5289
2
491 4204
195 241
2
656 1487
353 812
2
2687 6271
7267 9714
2
4439 4972
2653 4649
2
69 605
8329 9254
2
2971 4700
4115 7127
2
1789 2730
3125 7229
2
295 698
2444 3453
2
454 3469
461 2587
2
5368 6153
563 5275
2
1614 3613
4292 6859
2
1339 8311
616 5287
2
1571 8230
1965 2393
2
2840 5383
649 5715
2
873 3740
5690 7141
2
6259 7427
411 1426
2
4261 7512
851 4027
2
1979 5255
621 724
2
913 5410
4283 7319
2
1546 6423
489 7292
2
679 3408
558 8543
2
1159 3209
1049 5406
2
3743 5692
2227 4581
2
1847 9087
427 1808
2
3143 6234
177 2971
2
729 1309
775 1366
2
1005 3311
5377 7478
2
997 1726
290 8719
2
410 2059
3508 5559
2
2001 4214
726 1079
2
1492 5959
129 5110
2
259 1719
245 1733
2
1071 3382
80 367
2
1139 1498
1871 8137
2
2007 9910
140 711
2
1157 5152
385 3877
2
1222 3503
5515 6888
2
476 1095
4007 7672
2
5928 6563
10 31
2
8274 9461
587 591
2
4072 5559
77 949
2
1577 2440
4777 7607
2
1813 2334
7625 7969
2
7809 9518
69 481
2
6435 9986
237 2233
2
2983 4596
2457 7411
2
1495 5958
112 191
2
9007 9343
956 8245
2
425 792
1012 1135
2
134 2667
3251 4225
2
463 664
5599 6055
2
5741 5920
3119 9173
2
5824 7485
2460 4087
2
4063 5023
2395 2994
2
239 489
3019 5884
2
2263 6427
1276 1977
2
5091 5426
1864 4503
2
1747 3942
2205 5107
2
2876 7843
452 7585
2
19 1896
619 1013
2
3029 3169
3881 4047
2
2128 8985
4031 4672
2
2117 7686
1107 1465
2
2373 3896
604 4821
2
1822 6333
2202 2425
2
6625 8329
5311 5635
2
299 1094
3426 9307
2
3328 7275
2175 5348
2
733 3896
4173 7889
2
2863 5647
1963 3846
2
427 7326
6 845
2
683 5518
1060 4707
2
6236 7081
1163 1450
2
1973 4026
1169 3203
2
1774 9627
2201 7198
2
3310 3367
601 867
2
3532 6025
3133 7247
2
399 4061
7365 8386
2
3346 6929
323 3696
2
67 897
271 2155
2
211 2882
1004 6221
2
919 1964
4292 6109
2
7079 8686
1801 3563
2
1655 3497
3287 7328
2
1327 2602
1758 2323
2
2616 2975
4752 8753
2
99 2194
253 5153
2
4777 6548
49 57
2
6134 8111
2167 5982
2
54 841
7805 8446
2
720 1303
3987 5732
2
393 3088
7579 7959
2
145 333
6477 9190
2
2128 3027
1937 2936
2
5433 6337
803 7661
2
7043 9700
1624 2487
2
8153 9310
3655 7491
2
216 313
281 2329
2
6898 9927
6617 9793
2
453 772
2925 6953
2
3901 5914
4511 5731
2
4943 9142
876 1859
2
3318 4201
4310 8367
2
851 2083
57 80
2
1761 2764
118 7535
2
5731 9225
1607 4237
2
745 3642
5250 5923
2
775 1679
219 3028
2
374 1245
5492 8047
2
4987 9078
2943 2963
2
5566 8409
5814 9475
2
49 1536
6828 7109
2
337 747
2167 4967
2
1493 8377
5219 7196
2
3315 9058
986 1647
2
445 554
4944 8567
2
102 2831
379 2257
2
4183 9796
4145 7563
2
487 2041
7955 8106
2
899 1518
5653 6355
2
2236 9769
158 193
2
2017 6435
906 1103
2
5145 6541
383 1040
2
991 1136
2554 4431
2
718 9319
6755 9963
2
8598 9461
1323 2080
2
2656 7089
1829 1991
2
1375 1383
1741 3866
2
367 2626
605 621
2
1852 2397
298 1097
2
3127 4150
1122 8281
2
6835 9802
211 5055
2
401 3464
5176 5351
2
2189 8927
1775 2368
2
1101 1273
254 7339
2
3501 8866
658 1325
2
53 224
646 983
2
107 6436
2549 2841
2
1423 3698
86 1683
2
3750 4601
4172 5625
2
517 1087
3260 4337
2
283 518
1681 5839
2
284 4417
5878 9795
2
1646 2415
3257 4516
2
2546 4743
2559 3899
2
2993 6264
4157 8369
2
6206 7235
4831 7001
2
2155 3753
2783 3431
2
707 844
2527 3693
2
4731 7580
1747 1979
2
1581 1714
2215 2679
2
10 667
3077 7024
2
139 1504
5137 5855
2
109 369
3793 9274
2
2299 5096
2348 6549
2
4391 5537
2489 7580
2
7081 9663
1788 4487
2
3025 7094
115 117
2
473 753
747 9151
2
142 9393
2136 3419
2
1679 1805
719 846
2
1334 7661
665 3156
2
1070 8701
8289 8768
2
2384 2735
8279 9436
2
4863 9646
683 2599
2
1609 6100
78 2243
2
6025 7098
744 2407
2
2179 3144
409 2641
2
245 414
307 473
2
3826 6019
7871 9476
2
1276 6091
4483 8636
2
4503 9788
1643 4527
2
5484 8215
3403 8407
2
15 32
2961 5519
2
542 2145
421 3976
2
5330 6099
3049 4390
2
1550 5307
881 896
2
241 5908
7939 8881
2
2299 3906
3836 4729
2
1032 6059
4130 8901
2
2919 4502
257 4023
2
137 7550
987 4531
2
6646 7555
1027 8118
2
2347 2555
1123 1304
2
3853 7770
249 2659
2
4687 8442
5356 5569
2
2615 2743
253 538
2
1517 2548
2963 9855
2
841 8790
2969 3427
2
2037 2881
933 1550
2
1589 4934
2421 4973
2
1303 5250
6961 8839
2
2461 3158
2032 5549
2
1676 5115
6573 8489
2
153 4331
2031 7285
2
7 190
283 3357
2
4808 8401
4194 4703
2
241 8486
506 1971
2
1493 1815
3207 7211
2
7225 9088
1173 2341
2
1107 8060
2949 4627
2
7057 7370
6662 8323
2
3491 6068
2332 3429
2
4683 5210
211 4593
2
3587 8006
1004 1879
2
3812 6527
1957 8072
2
818 2529
329 482
2
757 1530
4685 8221
2
537 2654
4069 6273
2
2184 4813
217 5839
2
521 1024
890 1501
2
4031 6222
1770 2687
2
2143 3600
1013 4159
2
2189 6601
4963 6248
2
4076 4763
1877 2269
2
2604 6907
5435 7038
2
4107 7855
262 431
2
2935 4846
1145 1977
2
139 641
2387 4195
2
3993 5161
2302 2603
2
1291 1475
930 2693
2
411 2611
457 5774
2
484 1915
3553 3834
2
1085 9298
672 4961
2
1349 5051
1517 2518
2
3116 4621
5241 6589
2
1271 3090
16 83
2
2743 8872
1288 2831
2
2787 4225
4721 6327
2
4547 6531
2827 7261
2
4543 8070
1668 2083
2
2007 2278
2203 3909
2
5667 9272
2714 9657
2
5645 7856
2546 5949
2
5064 9199
7103 9588
2
2267 2314
519 3257
2
7192 8499
1287 4465
2
5991 9274
4594 9755
2
1477 7656
2077 9689
2
1773 4616
1826 2005
2
2091 8953
47 264
2
5584 8685
7072 9799
2
4905 8504
4181 4323
2
5335 6676
4075 5821
2
55 89
1270 2067
2
592 1715
3816 9017
2
2927 4790
644 1179
2
485 558
43 311
2
3405 8396
2123 2517
2
205 499
1039 2686
2
4227 6656
6422 7669
2
1864 6531
3139 4696
2
4363 5396
91 699
2
3869 7885
5087 7641
2
393 4033
4643 8286
2
479 800
356 9153
2
1853 2205
4595 5728
2
870 1679
389 7883
2
711 1220
5708 9111
2
437 1146
866 1405
2
89 9303
2628 3421
2
5576 6415
1857 4526
2
265 1771
3064 3915
2
3925 9868
674 1767
2
4935 7741
3302 8599
2
227 4418
637 895
2
6661 7749
175 262
2
3625 4541
579 679
2
213 241
2503 8925
2
717 1418
365 1941
2
526 967
365 407
2
3368 6343
221 2854
2
1521 6290
3785 7043
2
277 1177
2297 3886
2
996 4945
1099 1698
2
2439 2884
521 8235
2
1867 5604
4383 5047
2
785 4543
3103 4593
2
1673 8317
3455 6579
2
1180 8519
961 1284
2
5060 6441
4171 6413
2
243 1252
3151 6377
2
1657 9884
5129 9969
2
510 2687
50 141
2
8735 9378
3724 7313
2
755 3072
277 2977
2
3713 3952
1778 1811
2
3161 7742
28 8919
2
911 5754
4839 9595
2
1897 5826
6891 9809
2
4851 5116
5531 9101
2
757 2580
988 8429
2
601 2193
171 890
2
1631 7680
519 6241
2
983 1683
5181 8618
2
1225 2063
4093 6158
2
3325 7629
209 865
2
347 447
2393 2800
2
107 510
995 7069
2
8530 9261
1989 5417
2
1068 8213
2283 3755
2
169 1662
413 2201
2
5 67
8630 9339
2
3048 9989
517 1460
2
2915 5526
2330 3389
2
3363 3565
1675 6288
2
3941 7445
4427 6794
2
1701 9112
1514 1749
2
1181 2338
660 817
2
4251 9943
2268 6025
2
2084 7793
5331 8234
2
802 1197
4257 7894
2
2816 9657
1230 1441
2
5203 5670
118 1387
2
2917 7449
3533 4012
2
373 4152
6108 6877
2
281 476
1292 5983
2
4333 4499
2314 9447
2
4870 6993
2719 7522
2
5171 7750
611 2257
2
7025 7986
4145 8419
2
2463 4919
2205 7027
2
1119 3100
2214 3947
2
4417 5696
2952 9427
2
7199 9184
1846 5669
2
8485 9807
4155 6472
2
1856 2181
6179 8320
2
517 750
2472 7309
2
3072 8729
3351 5672
2
1021 5252
2090 5611
2
1107 3086
429 929
2
3373 8137
4922 7253
2
5405 5476
4495 5197
2
74 2915
741 3167
2
3969 4847
1661 6090
2
131 658
2862 9829
2
7177 7327
1799 4605
2
1501 1522
154 3169
2
527 2327
74 1081
2
2316 3383
1933 4218
2
1181 2597
319 1667
2
2885 6438
3612 6365
2
690 889
43 601
2
773 6880
218 1889
2
8209 8422
88 1511
2
3431 3816
6676 8447
2
3151 9891
937 1342
2
779 2494
729 8939
2
4502 9009
495 818
2
1696 4025
4169 9302
2
1054 1697
3130 5313
2
1799 2521
1079 1173
2
3439 3615
223 1034
2
1106 9193
9 2852
2
7861 7867
1995 2384
2
1639 4098
5269 6271
2
8869 9174
6923 8839
2
1171 1239
6275 6452
2
5399 7152
4101 4973
2
642 5093
2639 7426
2
1621 3856
1811 2399
2
1115 2268
503 3229
2
1939 5598
5494 8383
2
748 9377
309 5330
2
2843 3394
9101 9565
2
5052 5579
3463 5550
2
7461 9902
581 1943
2
4933 9273
2127 7889
2
5121 5846
4594 5463
2
1157 2146
2848 2963
2
1945 4776
5384 7771
2
2102 3367
544 2595
2
4393 5643
56 445
2
767 1556
758 6971
2
1538 9165
889 913
2
109 1458
1569 3665
2
461 2713
3403 3421
2
3547 4047
1173 4306
2
4477 5010
347 2857
2
581 8388
7307 7553
2
5866 8497
688 7469
2
1027 2487
2 355
2
481 4391
3257 8910
2
5106 6373
828 3415
2
469 8507
1715 7634
2
1813 6165
3 4
2
3573 6271
477 8881
2
3989 6236
26 5225
2
3880 9809
642 4531
2
2981 3381
76 275
2
2802 5773
5688 6709
2
22 413
61 272
2
1585 8516
7119 7921
2
497 6102
2224 2803
2
6145 7426
1807 2277
2
565 3151
491 526
2
30 9067
682 3717
2
479 3455
37 353
2
624 3145
2128 3659
2
246 961
1243 3588
2
38 5589
3747 7024
2
3695 5478
492 1273
2
977 9012
21 265
2
907 2119
283 3440
2
1661 9206
2954 4105
2
309 844
3370 4049
2
4864 6947
4413 8332
2
1311 1411
4408 8055
2
6705 8074
4672 9571
2
370 843
333 382
2
3979 9894
3646 9521
2
1660 5497
209 254
2
4243 4686
14 17
2
1636 2709
1847 4486
2
1686 4891
2815 3271
2
2885 7998
842 3943
2
2901 8164
786 1619
2
961 8619
6640 6917
2
1097 3630
1096 2591
2
4021 5456
4757 6223
2
2234 3487
619 1455
2
1993 3822
3547 7213
2
649 1294
1789 2971
2
2521 3927
3113 4016
2
1103 7610
494 9037
2
515 966
2691 3011
2
2506 4227
3401 4459
2
4681 4879
1499 6722
2
2098 4737
2707 8513
2
1132 8087
3253 6658
2
5329 5460
6396 7717
2
1979 2632
3738 4087
2
6775 8466
131 143
2
3066 3187
1209 3962
2
2355 5608
5842 8815
2
2539 6538
224 4447
2
6941 7556
2028 3253
2
937 7706
346 1233
2
1577 3878
1082 2335
2
1226 1895
2963 9371
2
1013 1838
1345 2541
2
2860 9979
2961 9122
2
275 1332
4478 9793
2
7121 8374
2907 7775
2
436 789
5569 9040
2
981 3332
5833 6305
2
84 5641
833 2778
2
505 6222
935 3253
2
7211 7648
1151 1197
2
1152 1267
2909 3536
2
2377 4149
2787 5728
2
3987 8869
257 432
2
373 3984
55 1337
2
41 688
710 1507
2
223 2621
1231 3482
2
160 259
937 2484
2
2712 8365
5455 7137
2
7855 7916
6550 8261
2
1009 2520
1391 6301
2
803 4656
6418 7607
2
410 1411
3571 8688
2
4205 8484
233 1733
2
166 441
1747 3043
2
3727 5786
929 4187
2
4204 7183
5535 7526
2
462 5207
2399 3292
2
1145 3372
3848 6817
2
653 9822
890 4943
2
4800 9053
753 4358
2
1215 1696
6253 9329
2
5071 8852
1782 2161
2
2575 2776
2451 9031
2
29 3663
3923 5305
2
2743 4308
3471 6769
2
753 2732
70 93
2
6314 9741
1756 8429
2
1363 1600
1430 2177
2
413 2332
3083 6217
2
1013 8920
1456 3049
2
1276 3613
1655 5704
2
1520 3351
2059 6803
2
773 980
1415 4633
2
7985 8156
497 1087
2
292 3317
4685 8002
2
4950 9313
1907 4518
2
3555 8701
3517 3666
2
2867 9054
5666 6005
2
7673 8740
431 5541
2
1670 3471
4194 4787
2
1069 5450
1295 1587
2
8169 8390
2143 2529
2
3320 7241
1576 1657
2
1990 8949
8751 9751
2
1807 2380
741 3547
2
107 4231
3578 5359
2
847 1290
2466 2681
2
4057 8469
3804 9445
2
4834 6119
193 903
2
535 772
1835 3027
2
1531 6783
6767 8138
2
926 3067
301 1606
2
3244 3451
1417 3355
2
2240 6303
3319 5518
2
3129 4049
5991 6158
2
2036 7475
821 2722
2
2735 8782
1886 2247
2
2531 2558
6473 9225
2
3849 9740
675 7039
2
209 2616
1310 4073
2
415 791
277 1861
2
3966 9797
239 1143
2
177 506
526 3195
2
5498 7315
6685 6823
2
365 394
326 9003
2
7831 8396
2742 4621
2
1189 5772
2925 6347
2
212 419
3179 5068
2
8687 8791
2503 4490
2
2674 7025
6206 6579
2
3377 3724
3057 4453
2
605 1884
2902 9863
2
568 8397
1324 5843
2
3481 6426
1764 2105
2
4693 5934
3946 5489
2
451 6195
1024 2623
2
2823 5644
571 2285
2
773 1149
6327 6448
2
4271 8535
4271 6074
2
4629 8795
1282 3651
2
1495 1824
527 2219
2
6013 6138
3222 7435
2
3415 7394
1051 2713
2
4245 7192
6308 9921
2
5544 5669
3239 3504
2
5795 6966
174 1259
2
4977 5438
3809 4001
2
961 1626
2474 8861
2
4505 5031
5157 6698
2
663 1220
205 469
2
5846 7825
38 117
2
4691 6657
1373 6985
2
1500 6077
157 564
2
895 5486
3489 9337
2
67 120
188 353
2
1041 1405
5396 7377
2
1783 2663
771 1844
2
4003 4748
1797 9185
2
6351 9473
3623 4103
2
3151 8540
113 6891
2
3346 9257
6999 7130
2
6650 6961
659 1928
2
990 5411
693 3281
2
1606 2313
1311 8852
2
3502 3981
1266 1651
2
257 409
34 229
2
481 827
2282 2475
2
1413 2434
4421 7405
2
1651 6167
52 7195
2
5879 6359
1390 2103
2
6497 9379
1346 4941
2
1409 4774
238 2549
2
5555 7056
5255 7163
2
4661 7203
519 1910
2
1971 2746
1289 6509
2
3365 5912
1372 5695
2
1149 2110
2203 4019
2
4965 8354
761 3485
2
328 469
1594 1885
2
1301 2296
2007 3289
2
8125 8436
1563 4865
2
1607 9948
27 215
2
3581 4728
582 3457
2
2410 3349
14 1591
2
4818 6173
1150 4339
2
575 7727
327 9245
2
3136 7475
3610 6891
2
3743 8116
1836 3091
2
764 2073
3302 8197
2
424 459
721 8308
2
407 5432
3743 5307
2
607 5530
269 487
2
6523 9688
4054 7635
2
8387 8559
53 389
2
3636 7331
101 362
2
333 395
3289 6492
2
1552 1655
177 2576
2
935 1068
760 2491
2
1339 2270
2128 7149
2
2885 5497
1645 5072
2
2891 8290
1369 6999
2
1145 3242
2509 3261
2
367 372
3440 8033
2
344 3933
216 781
2
8403 9679
1153 2036
2
7053 7066
564 7855
2
3851 9956
2677 3615
2
3617 5768
2251 5415
2
133 3902
2004 4301
2
1333 4784
1911 7097
2
9 10
3718 7019
2
4849 7185
3657 9812
2
307 766
6101 7451
2
2423 4466
3709 8343
2
1255 9806
247 275
2
5731 7664
2566 3253
2
4615 6933
1589 7810
2
29 1478
464 8847
2
603 1748
2250 7513
2
595 3642
1176 2875
2
229 3218
6243 6493
2
3851 6541
153 1493
2
901 1183
1351 3998
2
611 5796
76 1115
2
2030 2439
3218 4649
2
3217 6019
1243 2198
2
767 966
3281 3481
2
1752 2521
907 4096
2
2252 4063
3919 9358
2
494 1221
2919 2990
2
2425 5842
781 4127
2
2009 2790
283 289
2
781 2566
3720 5033
2
903 2134
118 8199
2
7022 8277
2041 6827
2
1945 2886
6664 8261
2
1859 2544
2313 4337
2
331 5201
7836 8305
2
2689 9093
1980 8369
2
421 4063
1647 2579
2
130 9703
2495 2984
2
1539 4156
253 7121
2
19 98
321 2225
2
1257 5666
2915 5661
2
7623 8122
7414 7721
2
3865 8673
445 8293
2
5279 6540
8950 9953
2
4767 5987
7193 8874
2
4289 7713
1401 5770
2
1265 2769
4628 6683
2
72 1823
5171 8964
2
2815 6992
1111 2007
2
191 1152
5888 6535
2
137 1287
208 5585
2
3975 9574
2975 3089
2
81 436
613 727
2
125 522
1935 3467
2
101 252
7095 8923
2
397 8800
258 5417
2
617 3084
1739 2989
2
2578 5007
375 1244
2
949 2284
719 3965
2
81 5152
4739 9855
2
7747 8143
77 148
2
1239 2350
4960 6817
2
50 709
1815 7754
2
2355 4721
1652 5661
2
6675 8674
3104 6969
2
7671 7699
1256 3089
2
113 191
1325 5292
2
2301 8050
1888 2661
2
185 294
704 6511
2
565 5349
63 82
2
325 2226
3605 4853
2
2130 5381
373 650
2
4006 4335
6017 8716
2
1766 9783
4429 6755
