1000
1
1 2
1
2 3
1
1 4
1
4 5
1
5 6
1
5 7
1
1 8
1
2 9
1
7 10
1
3 11
1
5 12
1
9 13
1
5 14
1
8 15
1
11 16
1
9 17
1
17 18
1
4 19
1
7 20
1
8 21
1
5 22
1
11 23
1
7 24
1
18 25
1
23 26
1
4 27
1
1 28
1
6 29
1
13 30
1
21 31
1
11 32
1
28 33
1
25 34
1
13 35
1
35 36
1
7 37
1
25 38
1
38 39
1
7 40
1
5 41
1
29 42
1
6 43
1
23 44
1
17 45
1
3 46
1
9 47
1
19 48
1
19 49
1
3 50
1
43 51
1
7 52
1
42 53
1
17 54
1
34 55
1
47 56
1
43 57
1
11 58
1
1 59
1
41 60
1
59 61
1
11 62
1
13 63
1
25 64
1
48 65
1
1 66
1
17 67
1
59 68
1
50 69
1
43 70
1
29 71
1
13 72
1
16 73
1
7 74
1
58 75
1
61 76
1
30 77
1
49 78
1
22 79
1
1 80
1
10 81
1
5 82
1
32 83
1
31 84
1
16 85
1
49 86
1
43 87
1
69 88
1
40 89
1
79 90
1
86 91
1
39 92
1
85 93
1
9 94
1
44 95
1
67 96
1
48 97
1
89 98
1
38 99
1
7 100
1
58 101
2
1215 3796
387 6781
2
2523 3056
1520 6139
2
4651 7113
6247 9770
2
5029 9254
6236 9913
2
751 1919
1471 3422
2
5681 5732
1550 5809
2
1528 2753
3859 7351
2
3169 4554
1893 2663
2
149 539
2879 3442
2
8031 9430
4509 9749
2
6526 7945
4931 5212
2
47 4266
548 1001
2
3151 4357
798 8039
2
1257 1582
2179 2361
2
729 1745
2682 4271
2
2755 4281
2245 3122
2
4706 8045
3471 5684
2
865 8862
1090 4073
2
3383 3864
206 691
2
995 2157
4865 6371
2
3187 6388
2373 3319
2
407 1020
236 3707
2
4226 4537
4313 7749
2
713 6868
616 2153
2
5426 7575
120 451
2
1702 6131
267 8404
2
453 1706
7905 8093
2
4796 5173
4483 4744
2
2343 3176
1777 5115
2
3161 6610
932 3841
2
730 6723
1453 2065
2
901 2808
439 1847
2
2277 8299
36 5723
2
5265 8612
3662 5001
2
2104 9349
6383 9636
2
460 519
2115 4502
2
4659 7834
161 7033
2
126 1801
429 487
2
357 7790
5919 6731
2
560 2787
3053 4046
2
2359 2550
1105 2063
2
1915 3411
5938 8879
2
407 9465
1040 6781
2
2250 2701
5291 6639
2
3453 3484
3230 9933
2
8605 9962
110 5111
2
568 3579
63 268
2
1811 4777
197 1165
2
3493 4372
4219 6361
2
6316 6611
729 2506
2
1188 5975
337 563
2
2854 3025
545 2138
2
2492 3615
295 862
2
2866 2979
537 3925
2
868 3027
2552 4451
2
119 146
876 1745
2
7571 9450
4001 5629
2
2843 2877
197 4490
2
2050 5367
6977 7405
2
219 859
3299 3974
2
1439 4598
3694 9711
2
2091 5446
3289 6891
2
3343 4954
25 299
2
607 1881
1483 3661
2
3514 4293
4307 5440
2
4835 6806
3169 9221
2
2341 3846
43 55
2
5299 6358
2762 4681
2
2273 2788
83 253
2
1807 7333
352 3063
2
454 5149
4978 7455
2
3165 4204
227 2495
2
7365 7672
1232 1289
2
1803 3352
200 453
2
2028 3175
297 6416
2
8147 9846
221 8869
2
4944 9179
7313 8877
2
1201 5666
61 3255
2
184 273
3343 9077
2
1332 9535
2458 8277
2
2157 2707
101 7662
2
3779 7150
3778 8661
2
161 192
8195 8201
2
2119 9653
6687 7918
2
2927 8640
1306 3649
2
3451 4014
1372 1621
2
1330 2777
1081 2424
2
2289 2479
5183 8314
2
1279 2146
127 751
2
933 3800
4322 9103
2
4475 7252
100 3153
2
4717 7758
1263 3955
2
33 152
6126 8653
2
5147 8575
509 1261
2
6559 7213
514 1089
2
4315 4686
5036 6283
2
471 1276
4124 8131
2
4105 5308
8444 8749
2
5252 5487
6623 8206
2
1800 9631
2371 3852
2
599 3390
2122 8953
2
2369 2375
6272 7129
2
3645 3647
685 1632
2
2419 4410
1062 3379
2
3215 8164
997 5197
2
253 404
1783 1985
2
2151 2716
1066 1233
2
2471 9398
6078 8687
2
4553 8730
457 2161
2
4013 8997
2433 3616
2
1733 5164
3221 5505
2
4195 4931
91 1632
2
901 5750
9406 9519
2
3505 7111
2968 7775
2
3676 3745
2090 3813
2
2621 5920
2936 3117
2
6059 6462
3967 4147
2
5299 5501
395 2776
2
32 305
622 4379
2
3491 4776
85 563
2
4872 7723
2021 2130
2
1913 5433
5537 6190
2
2573 5765
1829 4223
2
1855 2808
532 5687
2
353 7617
3799 4196
2
1909 2942
5253 6173
2
1177 3054
933 5249
2
1388 4899
3713 6542
2
655 1452
1078 3743
2
31 54
4744 8633
2
13 4596
1054 3109
2
1649 3858
3946 4351
2
290 579
191 1312
2
4925 5912
2096 5171
2
3371 6862
21 41
2
1211 7970
4957 9039
2
1405 5141
1863 3617
2
1059 5461
1218 5395
2
25 63
6281 8354
2
140 319
6691 8076
2
1794 2615
2698 2953
2
7579 9210
399 937
2
3581 4170
1249 6479
2
227 3332
4948 5709
2
5402 6125
375 5303
2
138 2371
6664 9419
2
881 2298
5654 6959
2
2275 2377
779 7882
2
305 2436
1135 3299
2
2815 9298
3059 3321
2
609 920
5 1167
2
6841 9708
1 31
2
1609 2463
4785 6722
2
920 1911
875 5021
2
2127 2212
169 1409
2
1652 1909
2219 7036
2
125 7661
5107 7302
2
303 1951
2720 4497
2
7989 9716
7914 8341
2
69 151
7201 8613
2
1031 6001
1261 3775
2
2477 5578
266 5755
2
2809 5732
2546 4855
2
958 6965
553 1748
2
1678 3951
6372 7535
2
3944 8241
84 107
2
1673 1796
2544 5725
2
1982 5379
1597 2410
2
1951 5381
694 8783
2
264 455
817 6089
2
3274 8001
229 320
2
3029 3270
6133 6391
2
6899 8100
452 1727
2
467 8472
1306 4691
2
3173 9674
253 5893
2
22 7173
5131 6086
2
1091 3379
166 295
2
306 311
2125 4084
2
896 1221
4009 4856
2
5675 7372
536 1353
2
911 5770
7339 9667
2
895 7706
665 801
2
1487 6074
2701 8035
2
1309 8139
148 2855
2
1936 3807
329 6530
2
134 247
1869 6154
2
2903 4480
1492 2447
2
4039 6814
458 5651
2
2119 2741
4509 5420
2
5765 6048
76 2035
2
1767 2236
2346 3559
2
2277 7900
402 1511
2
2129 5830
1411 2751
2
6515 9224
1841 2845
2
5641 5675
437 2068
2
1838 7953
4453 9080
2
3217 4090
1484 2077
2
4159 7892
1634 1773
2
5693 6643
249 316
2
1362 7415
7867 9316
2
859 898
9 19
2
1106 7661
2810 4097
2
1072 9121
2961 3686
2
3251 3636
3402 3985
2
2771 7364
713 2019
2
148 183
425 1604
2
4225 5056
1019 2001
2
2311 2420
183 4579
2
679 8482
4612 6225
2
2501 2715
95 346
2
974 2177
743 1536
2
4292 6645
1271 8113
2
327 4970
2699 2879
2
1829 5442
1794 4909
2
695 1006
9 53
2
766 2001
3044 3917
2
5257 6345
3611 6748
2
5211 6781
3320 7737
2
1904 2691
215 4874
2
1025 5768
6861 7465
2
666 2597
1370 1829
2
6905 7062
4418 7709
2
1931 2055
965 8743
2
215 936
2450 4891
2
3533 9105
5225 5768
2
559 9050
4810 8131
2
211 396
839 1855
2
3203 6364
107 1619
2
173 853
5668 5937
2
3041 5707
3275 3413
2
19 28
446 1377
2
2186 2727
931 1681
2
2057 2821
5599 8616
2
7467 9832
2403 4277
2
1613 4830
26 199
2
6799 6835
8941 9573
2
127 4226
2356 6763
2
4367 8798
1844 7249
2
841 1239
3021 9406
2
7025 9438
2286 7207
2
721 2360
1904 4293
2
389 1894
381 469
2
512 2781
8729 9169
2
1922 2169
999 1162
2
1404 1405
111 9632
2
10 11
2863 6046
2
41 2584
1501 1841
2
8147 9495
454 7879
2
4557 5512
5159 6619
2
3607 7546
1699 4317
2
65 642
312 2813
2
1859 2268
1697 2951
2
6433 9724
4969 5711
2
1705 2672
886 4773
2
65 1197
469 520
2
149 1382
1199 4377
2
33 1982
1819 2071
2
4453 7410
831 919
2
21 5060
3860 7829
2
1039 1930
25 5269
2
3047 4285
4061 6636
2
1121 9400
1762 3401
2
1493 7341
3615 7529
2
7681 9831
77 92
2
4773 5305
3338 9497
2
8253 8936
64 9931
2
365 721
3323 8556
2
329 764
6446 7743
2
653 6561
718 763
2
5228 6045
44 97
2
6977 8650
2545 2921
2
4415 4524
2126 4549
2
119 6777
1809 2324
2
1674 8075
361 4074
2
1488 2069
1308 1613
2
9009 9517
3625 8094
2
2207 4797
7097 9190
2
2911 8416
1 95
2
2085 3146
4444 6081
2
4170 4423
2095 7392
2
3391 5670
4125 6793
2
677 9074
272 797
2
4549 8376
66 157
2
3220 4447
511 1650
2
3121 6912
7584 8203
2
231 1489
1349 3215
2
5059 9294
683 6199
2
6681 7852
889 1917
2
3668 6289
2107 2145
2
1032 2797
715 7636
2
3307 7591
3088 3819
2
3071 8874
6904 7165
2
1733 1740
3331 3367
2
3481 5438
1229 6043
2
523 5316
1699 1891
2
1527 5080
3252 6853
2
5315 8001
3421 9038
2
1227 5306
6131 8487
2
2449 5906
594 775
2
165 1184
737 985
2
8077 8589
4043 7874
2
1180 1307
2193 3905
2
1357 9102
1228 9013
2
673 2689
713 7047
2
2053 5004
3982 5255
2
48 4433
1264 6807
2
3049 3228
6578 8555
2
241 1526
2141 4647
2
6095 8483
3179 3691
2
3679 5802
45 1051
2
3083 4708
6541 9407
2
5183 9835
189 2678
2
2531 4240
5703 9229
2
2205 4976
56 3755
2
1123 8337
2631 2785
2
181 4246
247 7437
2
9 182
3947 8301
2
919 3450
4980 9037
2
2011 4365
639 2806
2
3574 4197
79 8405
2
3966 8155
3130 9679
2
3929 9660
2337 5281
2
1447 9567
1050 3457
2
1421 3184
767 8517
2
1485 1663
3002 3289
2
179 492
369 2021
2
8639 9008
4075 8033
2
353 573
2909 5200
2
45 674
1360 6227
2
2278 7197
782 4837
2
9035 9298
5136 7645
2
25 178
3009 6901
2
737 7185
785 1267
2
1813 5955
965 2494
2
2167 4359
111 1300
2
3344 4971
8929 9526
2
361 564
5 143
2
4665 7207
3495 3674
2
807 3410
5943 7247
2
17 865
3749 4447
2
1609 2229
401 2038
2
953 7528
2043 4831
2
6803 9752
6464 7219
2
2410 8689
2502 9323
2
3935 4004
1613 6415
2
4622 5697
3824 9823
2
4669 7578
3359 6197
2
499 682
4180 4453
2
437 5048
2484 9781
2
6166 7531
68 143
2
68 1165
309 3614
2
1765 2116
1294 8431
2
188 231
4285 6514
2
2245 5938
6175 7767
2
175 363
106 1721
2
1783 3949
2476 4131
2
943 1918
2551 4807
2
711 2068
617 5155
2
257 2146
7079 9093
2
837 4388
1522 4175
2
5906 6801
201 689
2
151 3908
85 649
2
1963 2032
6514 9081
2
3235 8562
4481 6827
2
307 2946
5610 5827
2
2241 2729
69 2503
2
1074 3787
1621 3232
2
3165 9742
1268 3331
2
5954 6443
4266 5143
2
1949 3768
7923 8465
2
701 3853
1951 5431
2
4770 6389
4732 9713
2
1199 1820
2064 3709
2
3635 6734
1061 1891
2
1265 4204
361 9199
2
7253 8993
5291 6593
2
2479 3433
4192 5181
2
31 61
1013 2309
2
749 3810
4959 9653
2
4579 9625
7015 8268
2
214 4437
1549 5332
2
2931 3245
3495 5254
2
5741 8160
2384 2569
2
3863 9180
151 907
2
541 2113
23 44
2
1887 7025
2407 2579
2
9085 9662
944 3905
2
1277 5850
1612 2389
2
791 9799
4493 4738
2
2713 4022
1215 1763
2
1025 1254
4398 6395
2
626 8415
4 7603
2
2523 3569
1410 1651
2
2061 2485
5779 6297
2
2393 4321
2677 4065
2
5231 5720
1384 2573
2
620 1099
1342 3235
2
2797 3102
2510 4567
2
1751 2366
1603 4157
2
5063 8796
1916 2215
2
226 2637
4171 5618
2
4877 6376
62 125
2
203 1000
2907 4087
2
3353 3974
392 465
2
5593 8056
1291 1479
2
734 2351
2168 9077
2
953 3206
73 387
2
6563 6772
98 3147
2
13 2878
3968 9153
2
11 35
475 636
2
701 1685
5381 6478
2
181 2716
269 3869
2
2567 7494
1033 3865
2
103 530
4603 4627
2
6135 7483
1369 1787
2
2524 2525
67 8372
2
1268 4891
4107 8555
2
1613 3738
702 2957
2
623 1938
8587 8651
2
885 1793
2903 4206
2
1037 8125
202 2357
2
5369 6645
951 2438
2
4927 5674
4669 7167
2
755 4009
807 2887
2
2676 7555
6071 8156
2
3495 4237
1181 2232
2
3211 8595
3052 6233
2
407 2308
1476 9269
2
3943 9821
1143 1628
2
2721 5243
7267 7318
2
6877 9562
2029 5969
2
1675 5196
5772 7147
2
433 930
2843 7283
2
3767 4598
3232 8715
2
3196 5465
401 676
2
7564 9097
5509 8170
2
7707 9332
582 1991
2
3779 4827
4321 7370
2
1476 4573
1160 2143
2
487 1883
7263 8524
2
1819 2590
2386 2631
2
975 7174
1747 1947
2
263 7686
3419 9161
2
31 6102
151 245
2
3497 6762
429 467
2
333 5956
3879 4991
2
7017 9806
5524 5799
2
4049 5850
4195 5753
2
3776 3891
3677 8429
2
92 687
2029 3376
2
2129 2938
671 2053
2
470 3313
8282 9413
2
989 7966
2315 5801
2
795 1349
47 120
2
3195 3466
288 295
2
3989 9590
1744 3239
2
3187 4620
4994 7589
2
5563 9638
2141 2543
2
1135 2721
2448 2875
2
3331 4436
163 211
2
2753 8330
251 3113
2
4483 4812
1519 4051
2
1286 2617
8337 8947
2
284 7505
8075 9606
2
6735 8912
162 1193
2
4163 4352
558 9271
2
991 2110
1486 2947
2
2279 9009
5964 7639
2
6673 6772
8609 9761
2
5591 6342
944 3779
2
5063 6087
3877 7270
2
1124 5235
6563 6812
2
2132 3253
1212 2635
2
5517 7273
46 339
2
7401 7919
1269 1925
2
2918 3451
107 1182
2
5251 5262
2257 3419
2
1102 1281
4596 9427
2
2302 9749
41 79
2
2791 5492
2264 2765
2
4631 9609
915 7366
2
2641 5008
411 2663
2
51 256
1153 5597
2
5653 8786
5788 6315
2
28 41
5175 6319
2
2083 6018
4037 6563
2
2101 2752
3028 5067
2
73 517
3726 4343
2
1975 5834
4906 5741
2
467 3538
6694 9011
2
1943 4073
177 4412
2
51 9914
711 749
2
1621 5657
2213 4522
2
4502 4593
1949 4049
2
1738 2887
7 226
2
3076 3227
2231 8817
2
3489 7018
3132 8377
2
90 137
2346 4691
2
3529 3717
1735 3511
2
229 5802
5744 6529
2
561 673
493 2230
2
7373 8417
7569 8492
2
437 1867
7828 9275
2
465 2876
250 437
2
1759 4383
4351 6749
2
1163 4710
4629 5519
2
1313 4570
292 5463
2
383 3715
401 7137
2
1751 2959
6597 6904
2
7795 8424
6429 9779
2
32 315
720 1333
2
943 1436
1136 5797
2
8152 8211
1301 2665
2
283 548
1318 3557
2
407 4046
422 4423
2
287 1444
3623 3867
2
7207 7640
1468 1601
2
2175 2194
483 685
2
4507 7708
1474 5891
2
652 1801
102 353
2
1073 4913
7534 8011
2
4433 6997
1685 3738
2
3379 5406
2125 3643
2
221 3326
8070 8621
2
1085 2872
2078 2893
2
2473 2802
5019 8753
2
915 8462
1655 9009
2
263 2998
907 2571
2
3942 8089
83 7796
2
5511 7354
277 285
2
534 631
6851 7374
2
418 483
1213 5575
2
4017 7438
6373 6417
2
296 707
3475 6056
2
935 3693
1773 9160
2
7217 8297
976 9685
2
1733 2062
574 5079
2
1173 3182
506 2027
2
2299 5327
17 7011
2
652 4439
4817 7260
2
2447 7962
347 571
2
4093 6196
4263 8957
2
291 2899
2667 8002
2
328 1177
127 194
2
1898 3637
1578 6523
2
5491 7536
224 1937
2
2163 8425
2567 2607
2
6822 7909
3883 7063
2
747 2807
3291 6586
2
179 958
956 1069
2
453 1064
3300 8639
2
5343 8312
6226 7793
2
179 468
3492 3937
2
3953 9102
2334 2657
2
5113 6195
2035 5378
2
3527 6252
2481 7705
2
5301 7478
1450 2443
2
5479 8298
5965 6827
2
3111 5645
320 1669
2
7064 8385
2757 4318
2
4292 5323
633 1064
2
6377 8951
3635 7512
2
405 5878
404 2921
2
1078 3705
2565 5144
2
1145 2961
2993 3002
2
4788 5543
125 494
2
469 3888
139 817
2
9 194
5372 5779
2
1957 5293
959 8800
2
2813 2867
3277 3573
2
3263 4421
7125 8603
2
48 5929
2851 3469
2
235 252
1791 6403
2
2275 2874
83 337
2
401 743
154 9029
2
1343 3063
164 1355
2
4679 5607
381 1376
2
4595 9834
387 9257
2
4317 4544
19 759
2
3139 4125
3279 5696
2
2431 8149
1433 1871
2
2447 7578
6203 6803
2
2239 7431
93 146
2
688 1239
185 289
2
94 1895
116 2319
2
536 741
1002 9961
2
1331 2592
2361 5069
2
343 1035
310 563
2
755 1074
977 4249
2
1169 7661
7240 8163
2
4481 6040
3018 3601
2
1023 2507
209 9678
2
1273 4706
1299 2695
2
309 383
2981 3138
2
113 363
6049 6850
2
5419 7666
18 133
2
3865 5058
2222 5563
2
31 110
612 3601
2
1336 8511
2687 4691
2
2762 5595
691 3556
2
2311 4244
1443 8143
2
1343 4494
3218 5743
2
1714 3351
7187 8150
2
743 8710
6305 7693
2
117 2192
3602 5631
2
2731 9147
1547 5515
2
2653 9127
4579 5710
2
1625 1731
1053 2590
2
533 5698
1201 7099
2
817 1645
7822 9309
2
2377 4228
4972 7215
2
2693 5640
4566 4733
2
2361 4109
4675 8997
2
2947 7790
3820 5343
2
3242 3319
749 2054
2
464 7609
3607 5480
2
153 6658
1832 2175
2
765 6247
6214 6831
2
903 8942
1535 2651
2
6251 9753
415 4967
2
5795 9096
5854 7865
2
4655 9154
1369 1533
2
306 565
1377 2537
2
1245 2489
881 5119
2
396 7121
1854 2717
2
6247 7030
4607 5031
2
5307 6440
2797 8093
2
1499 3162
819 991
2
445 477
575 4942
2
205 7113
7039 7189
2
4400 7643
1153 8608
2
3607 3873
25 5273
2
415 7634
701 1513
2
3017 8894
46 351
2
546 5869
1999 4061
2
157 258
167 1615
2
1055 1644
118 7289
2
8230 8421
998 4061
2
2271 4604
2489 2903
2
8147 9112
3262 7019
2
10 51
381 6989
2
7311 9712
1335 2539
2
7024 9417
4501 6673
2
2072 6269
1759 7030
2
2375 2526
2952 8663
2
2747 5110
766 1273
2
1212 2725
8156 9639
2
87 766
169 2833
2
1727 7416
4331 8099
2
5215 8082
6564 7121
2
5169 7655
7794 8029
2
1486 6693
5269 5293
2
5431 6656
855 913
2
179 2053
1351 1487
2
2033 2658
926 6655
2
253 274
5827 8625
2
64 6657
1357 3025
2
1307 7907
794 933
2
3140 7711
2721 9514
2
557 8016
5818 7889
2
1826 5763
6313 7222
2
2683 3055
82 7263
2
2372 8375
1770 3241
2
2263 4860
324 4277
2
4340 5283
3637 4783
2
3996 7769
389 420
2
2273 5366
245 739
2
109 8947
235 1226
2
6733 7470
139 527
2
171 8504
763 767
2
355 3848
6715 6767
2
2491 3510
1076 2969
2
218 1547
379 9862
2
187 281
307 1209
2
2002 2017
455 1102
2
2531 3711
2595 5339
2
397 4798
1567 2259
2
3327 9088
778 2055
2
3193 5756
773 4617
2
760 3697
2699 3359
2
8009 9260
1364 1949
2
1657 2787
596 659
2
6623 7833
61 2420
2
196 6717
4287 4370
2
1857 9811
2229 5189
2
1269 6160
57 6733
2
41 1737
5301 8684
2
3042 6293
1147 1242
2
911 5317
2282 2627
2
2167 2755
2860 8211
2
70 7457
5126 7673
2
1383 6482
5992 8699
2
90 779
1037 2868
2
535 9516
8087 9221
2
1209 8230
974 2001
2
6285 6392
2683 4851
2
197 366
4640 6541
2
1205 1294
139 1339
2
1486 4155
4932 9383
2
4819 7420
8298 8509
2
4960 6153
647 2822
2
307 4110
2044 4147
2
929 992
751 7429
2
569 658
2728 6841
2
4225 8428
2360 6457
2
689 1194
375 877
2
2843 4211
7391 9948
2
767 1156
5339 5373
2
5503 7140
998 5939
2
67 7288
5633 8145
2
4015 8861
2768 7543
2
584 8733
6761 7309
2
713 3417
3343 8006
2
656 1191
843 3508
2
191 323
409 9734
2
1927 2504
3729 6253
2
193 4910
509 1669
2
2665 4217
923 2370
2
393 8672
4894 8005
2
3457 6828
7060 8683
2
543 5108
1008 1345
2
517 9837
6561 8564
2
3448 6621
3980 4663
2
1571 7947
3451 7682
2
5623 7347
1033 3652
2
520 5247
2805 3964
2
2507 3768
1437 8047
2
101 160
1657 3733
2
436 1349
5527 6780
2
1334 3297
4772 5051
2
1653 5314
1074 8051
2
696 1939
2120 2617
2
2169 3697
2997 5042
2
1579 1812
769 2891
2
2858 3293
2218 2903
2
2279 5125
1349 2199
2
1093 7663
111 442
2
7501 7851
8387 8540
2
5451 6349
1017 1507
2
192 6245
803 2422
2
1211 3123
1007 5314
2
771 4148
1717 1817
2
5357 6222
255 1399
2
1802 4529
2587 8709
2
2257 2328
284 8141
2
417 1841
440 633
2
983 7880
655 5743
2
1852 3861
108 1543
2
2792 3725
4585 8058
2
2003 5169
405 614
2
735 6352
2480 3983
2
2272 3295
6733 9194
2
88 623
2667 3236
2
7485 9149
215 4337
2
3117 4504
143 283
2
1948 7429
4840 7477
2
560 8857
787 2070
2
3753 9878
155 7673
2
1317 1481
49 3278
2
451 3760
2113 2267
2
2956 3729
6075 8678
2
5065 5999
2929 5437
2
6062 9789
865 2012
2
2901 6515
2719 3931
2
446 4857
1729 2146
2
2218 4025
3367 4803
2
3589 6626
1472 4075
2
743 1554
70 719
2
1652 8087
2181 3218
2
2733 6028
4106 6967
2
939 7373
249 4465
2
237 928
1662 6719
2
5503 7639
1717 2736
2
960 5323
359 783
2
4841 5352
2 53
2
1061 3937
712 3395
2
2044 7225
2715 3787
2
2243 9354
7863 8795
2
2352 9017
98 377
2
7189 7942
167 1317
2
4349 7216
3068 3293
2
3097 8044
3214 5625
2
59 84
3316 6371
2
466 1729
268 4553
2
3287 6474
483 2701
2
1819 5104
203 3755
2
5939 7418
827 7275
2
2981 3220
549 857
2
4719 8816
6415 8747
2
1301 4356
346 425
2
1025 1824
3017 5143
2
5273 6434
5016 5365
2
1735 9177
5702 7313
2
1269 1447
1274 1615
2
4255 6523
4555 5889
2
64 2743
587 7725
2
4255 7734
5813 9629
2
1747 6195
8789 9127
2
1135 5324
1714 9079
2
1963 5812
5871 6667
2
4323 6736
3243 7631
2
512 1329
5593 8744
2
1611 8260
2192 2813
2
3899 6602
4951 4991
2
7517 9760
328 469
2
5716 7535
866 1043
2
5521 9775
3971 9968
2
539 762
3676 7051
2
480 4163
1403 7372
2
336 7697
3213 4262
2
6191 8366
7347 8227
2
7271 8868
1488 3365
2
7049 7694
2466 3233
2
6889 9820
265 4391
2
19 210
1405 4363
2
607 5940
1046 1157
2
71 438
2084 2687
2
413 4848
655 851
2
4703 7032
58 1925
2
561 563
1829 6162
2
2905 4156
4460 5291
2
1657 4854
1139 1295
2
6007 6932
3846 3887
2
4954 9769
31 289
2
2941 5269
1907 2868
2
350 9743
27 640
2
644 3583
1969 3830
2
4383 8018
121 491
2
3667 5578
1236 5365
2
3188 6843
1917 8740
2
1925 5392
615 2279
2
64 999
1123 3667
2
5003 5932
244 9239
2
3253 3957
6485 7709
2
611 759
763 3635
2
1457 5660
5777 6613
2
829 8842
1634 4679
2
1921 4081
356 6305
2
802 1867
2701 8022
2
319 804
6377 7739
2
4133 4200
42 421
2
1301 2317
6137 8754
2
517 2425
487 676
2
1147 8163
5501 9910
2
3833 7467
2339 9655
2
2661 2699
5008 6665
2
1209 2290
5261 6089
2
351 1102
1514 4983
2
1363 1665
40 3307
2
200 281
3116 5995
2
1091 3694
8760 9553
2
299 7980
1779 9091
2
4899 7925
3179 3771
2
1289 3303
5201 5816
2
3665 4197
499 3524
2
3789 4423
593 3198
2
2593 7194
7 2887
2
1429 7237
4309 7599
2
1369 3507
1068 1103
2
65 512
4613 8149
2
878 3969
513 740
2
8257 9654
3255 4231
2
5713 8284
1978 6755
2
502 3873
557 6433
2
4439 5206
2867 7033
2
9512 9879
3269 3776
2
6861 8936
2129 2677
2
2362 7755
9 83
2
127 636
358 9701
2
595 4677
237 796
2
4191 7561
2360 2463
2
3559 4908
6454 7283
2
1247 3208
204 667
2
816 2915
13 444
2
167 4883
5199 5540
2
1667 2729
983 3240
2
3899 6004
886 1707
2
5015 8817
607 746
2
4857 6803
9 671
2
171 467
1909 4915
2
1637 7276
5630 8767
2
4731 8699
3663 6760
2
1107 4291
3945 6581
2
533 5094
684 2153
2
4361 6276
461 4289
2
4349 7022
6199 9501
2
17 18
387 5393
2
7123 8375
544 841
2
1114 8817
811 1568
2
593 8367
1230 3359
2
2039 2392
2962 3631
2
6853 8000
997 1847
2
4865 7803
2887 5731
2
1745 2767
829 2535
2
3518 8543
1625 6492
2
401 539
1091 2059
2
471 1885
1885 5196
2
2825 6797
944 4485
2
4145 4806
3385 8581
2
3524 4447
300 3157
