1000
1
1 2
1
1 3
1
1 4
1
2 5
1
5 6
1
2 7
1
7 8
1
1 9
1
9 10
1
1 11
1
5 12
1
6 13
1
9 14
1
2 15
1
7 16
1
11 17
1
7 18
1
14 19
1
17 20
1
5 21
1
19 22
1
4 23
1
5 24
1
4 25
1
5 26
1
7 27
1
9 28
1
21 29
1
7 30
1
10 31
1
3 32
1
5 33
1
7 34
1
29 35
1
23 36
1
22 37
1
1 38
1
34 39
1
11 40
1
39 41
1
11 42
1
26 43
1
3 44
1
41 45
1
9 46
1
31 47
1
37 48
1
9 49
1
27 50
1
19 51
1
47 52
1
34 53
1
31 54
1
38 55
1
31 56
1
17 57
1
51 58
1
31 59
1
17 60
1
24 61
1
21 62
1
61 63
1
39 64
1
31 65
1
13 66
1
7 67
1
39 68
1
58 69
1
51 70
1
40 71
1
49 72
1
66 73
1
65 74
1
17 75
1
67 76
1
53 77
1
53 78
1
39 79
1
49 80
1
20 81
1
1 82
1
4 83
1
67 84
1
71 85
1
29 86
1
65 87
1
31 88
1
64 89
1
37 90
1
87 91
1
71 92
1
71 93
1
25 94
1
66 95
1
59 96
1
11 97
1
87 98
1
61 99
1
67 100
1
62 101
2
2033 5163
1175 7993
2
2435 5661
2873 4438
2
137 3370
3463 4169
2
593 3652
802 3419
2
2133 3751
4359 7951
2
2441 6705
7325 7471
2
5071 9076
781 2583
2
3184 4085
340 5973
2
6839 9556
2924 4247
2
5679 6905
6957 7204
2
2347 6030
1311 2443
2
2722 6297
31 32
2
2825 8477
1165 1476
2
3382 9185
21 26
2
1035 4202
118 153
2
147 1742
478 1925
2
2897 4593
1214 2315
2
1153 3768
1482 3145
2
1047 2405
3799 8634
2
4248 9385
999 1687
2
248 1039
1639 2586
2
7724 7821
821 4270
2
865 6239
2473 5936
2
187 1044
498 4735
2
1839 9178
2589 2773
2
8392 9777
474 1433
2
1198 4019
3213 4511
2
43 368
1391 4395
2
2659 8788
5929 8565
2
4651 6136
639 3017
2
71 5840
6347 9577
2
295 358
3986 5801
2
5625 7643
4719 6784
2
1850 1889
43 68
2
8229 8650
3519 7151
2
3424 5219
163 696
2
1541 6806
3208 7459
2
1832 3563
1461 6766
2
1147 5226
3339 4871
2
407 4768
5309 8947
2
509 3884
179 275
2
496 551
1953 9487
2
2723 4632
2682 6509
2
368 1299
159 2411
2
3297 6311
5409 8039
2
5185 7248
1896 2161
2
3895 7731
1201 4111
2
1075 5736
1164 9143
2
5099 9165
2367 3056
2
2283 2929
8962 9803
2
155 644
3253 6091
2
3139 3630
4305 5161
2
1061 1946
958 1419
2
809 1424
1298 4871
2
6255 7658
5920 5967
2
4009 5148
4624 7595
2
7045 7149
2520 7333
2
219 398
907 2319
2
2471 6338
3585 5609
2
1622 6561
1009 1435
2
259 351
4309 8147
2
83 1816
3427 6147
2
13 110
2629 3511
2
3419 9682
7978 8175
2
4546 5167
1710 8479
2
87 574
5793 9865
2
1005 9821
1789 5580
2
5946 8603
727 1444
2
1075 1156
291 2557
2
2381 5610
5294 9817
2
1369 6042
3834 4969
2
2579 5764
5556 5971
2
3838 6035
65 729
2
251 713
2740 6549
2
1777 2868
309 1501
2
1947 7400
1938 2477
2
3235 6982
1122 4189
2
741 2596
2587 8993
2
3563 3936
482 4975
2
1454 3003
1705 6766
2
1147 5888
4068 5875
2
6773 8552
1990 5039
2
3533 4833
534 5881
2
5627 6683
4091 5148
2
3823 6230
912 7747
2
5872 6763
5104 5759
2
1678 3413
1106 3571
2
507 700
25 1467
2
5203 6763
643 2844
2
4003 9117
3691 8051
2
1731 2899
5311 8609
2
919 2298
197 1339
2
6194 7035
2504 6913
2
2383 6474
3770 8533
2
4801 8727
505 5738
2
719 7216
4289 7563
2
1213 1762
2264 6373
2
1499 3178
558 691
2
7624 8079
857 1039
2
133 391
121 838
2
1831 2914
1354 8625
2
6595 8988
238 335
2
78 79
5225 6357
2
2060 8551
3306 5341
2
4833 8386
5983 7881
2
1989 7090
5937 9637
2
3137 3444
346 8863
2
1666 4041
687 1547
2
5066 9465
4059 7228
2
3446 5331
499 2014
2
4619 5314
1154 1803
2
469 3770
1130 7081
2
1193 1754
4456 8115
2
301 8391
1863 5390
2
786 1133
1295 1313
2
1294 6649
2509 4830
2
789 8800
2104 2619
2
173 8422
266 1271
2
649 9566
1690 7231
2
1608 2255
925 1407
2
2905 4509
1057 1411
2
7558 9799
1327 1526
2
1357 2298
2326 5791
2
1454 5807
301 1147
2
549 1589
1111 6942
2
2121 5104
3652 6033
2
493 1491
335 467
2
6977 7341
1828 2645
2
439 6678
2209 3737
2
670 2799
2611 9824
2
205 2714
496 5341
2
1701 2389
117 814
2
2752 5261
2226 7645
2
2787 3932
4496 7617
2
3739 5777
809 1218
2
6479 6948
2258 2515
2
4183 6170
426 541
2
1870 8529
3512 4615
2
6143 8003
161 5140
2
2801 4620
1198 3733
2
3719 9382
1835 2127
2
3678 7301
7746 8615
2
1409 3316
251 9019
2
3595 3874
706 759
2
2620 5167
3915 7648
2
1813 6030
583 8917
2
2478 3301
98 8145
2
3464 5565
5686 7619
2
4051 8143
1507 4813
2
38 6867
1327 3158
2
5782 6225
419 5573
2
4869 9875
1753 4432
2
4082 5659
4371 9862
2
2562 6947
74 445
2
10 4411
5683 7167
2
441 5776
1067 4679
2
261 4502
1454 3095
2
721 1012
8438 8445
2
619 3806
293 987
2
4199 4802
1115 4189
2
857 1104
5928 6449
2
9500 9597
3468 5539
2
596 6361
3649 4121
2
275 3138
2239 6925
2
529 5619
3169 7612
2
2511 3484
1828 2835
2
1079 4221
1545 4894
2
11 6714
7328 9461
2
929 2761
6547 8956
2
509 1438
214 1533
2
3683 7822
1049 1265
2
733 8353
24 205
2
1522 2089
1165 1528
2
7 54
383 1223
2
3639 7049
983 1833
2
4749 5035
405 1552
2
446 2209
500 5533
2
1679 7331
393 407
2
2719 4593
7573 8207
2
748 1541
67 394
2
469 520
733 4149
2
65 9709
3867 4933
2
653 1104
1163 3067
2
7963 9461
967 7650
2
22 89
1933 6649
2
1325 1402
1156 7867
2
7937 9533
3501 5338
2
673 7605
993 1957
2
1242 1993
4645 7841
2
3437 9066
68 95
2
1624 2617
5674 9227
2
8933 9956
6827 8575
2
511 1642
651 2071
2
157 652
2450 8039
2
2905 8167
399 9697
2
360 821
1043 3589
2
542 555
23 77
2
2643 2651
101 228
2
611 5938
1682 1797
2
1787 2229
173 4198
2
9411 9572
1759 3655
2
3951 9316
2359 7369
2
511 5417
2219 2448
2
2779 9735
1597 1642
2
1138 1605
5661 7639
2
1589 2021
1516 7247
2
4136 4947
7197 7294
2
1405 6994
7555 7983
2
245 3506
66 295
2
8843 9797
3963 7568
2
3463 6801
3820 8147
2
2201 3704
3266 6519
2
3676 3927
5144 8413
2
2533 7258
2035 6393
2
5759 6192
207 325
2
661 1210
3311 8181
2
28 53
4481 7096
2
679 886
4172 5715
2
5111 5466
1329 6827
2
3590 5413
1999 7056
2
3525 8462
5807 6999
2
1867 5324
1177 1655
2
965 1044
6771 9037
2
137 924
3843 6047
2
985 2518
4206 4759
2
2151 7430
28 1167
2
1006 8331
7577 9806
2
4612 7945
2241 8452
2
1969 4440
1525 2413
2
2789 3459
5035 9013
2
3699 7060
661 1123
2
3751 7840
3589 5027
2
401 2044
1753 3721
2
88 5505
1347 7652
2
3457 6974
1287 9211
2
55 114
852 2275
2
1612 6245
160 2063
2
3593 7614
5276 8017
2
4921 6268
2603 4327
2
2793 7052
1375 3897
2
486 601
2554 9613
2
11 436
5307 6475
2
4129 7401
7718 9935
2
4203 5861
247 670
2
209 2573
885 1268
2
2266 4253
3267 3436
2
4101 7283
4354 8739
2
668 5295
6904 7331
2
1077 1163
347 3812
2
413 3366
3560 8543
2
6243 8638
1492 2423
2
1106 4455
6433 8446
2
2075 2506
8977 9739
2
69 5908
28 139
2
5518 5913
141 2242
2
2269 4246
3617 7499
2
749 1096
4162 7977
2
165 278
260 2949
2
2838 5845
2819 8982
2
453 2570
2528 2781
2
5012 5213
2649 5128
2
1231 8352
3107 3797
2
284 311
42 1885
2
2236 5247
101 9080
2
1972 3565
2015 9991
2
3064 3965
1715 8254
2
9161 9598
4378 8231
2
1814 7253
4318 6677
2
16 363
5647 8858
2
5798 9027
2374 2885
2
1087 6748
4252 6469
2
2509 2975
2859 3832
2
188 241
4111 8188
2
251 430
2627 4727
2
717 1375
829 5931
2
305 8614
4090 4131
2
3677 3760
1497 1949
2
1542 3769
465 3923
2
3413 8636
5413 8885
2
451 4163
3017 4911
2
3441 5891
451 895
2
6101 7632
2776 9469
2
2977 3018
4448 6629
2
1075 5982
5063 9407
2
1483 5913
772 2101
2
9203 9208
556 2957
2
6464 7749
552 1097
2
3283 9400
7307 7841
2
3968 4831
317 409
2
1727 1852
1305 9197
2
4641 8212
520 1461
2
4131 8744
4734 7475
2
4787 6075
475 1538
2
257 910
7294 8139
2
33 524
1979 8583
2
2099 4442
1088 3335
2
629 2184
194 223
2
2201 7350
6228 6793
2
5030 5313
1357 5050
2
4411 9062
3316 5655
2
4131 8596
3734 4283
2
3877 7946
4442 7957
2
237 410
2822 5969
2
5139 9058
225 1157
2
607 3430
1678 7143
2
584 1943
1231 6215
2
103 6896
2989 5339
2
527 3660
5892 9749
2
3473 4855
2105 7812
2
9005 9602
969 1183
2
533 1317
79 2321
2
7 1066
1431 2857
2
1525 3934
488 2537
2
748 1809
417 1178
2
440 867
3507 3869
2
956 3797
1321 9172
2
2425 2562
378 3397
2
1423 2024
1255 4241
2
1849 8164
6325 9181
2
1357 8559
1557 8857
2
1607 3490
659 8541
2
603 1006
4089 5081
2
8105 8978
2355 3469
2
381 3802
3563 6891
2
489 6548
43 2049
2
3501 4105
4719 8314
2
3055 5803
1985 8888
2
7305 8102
2322 9575
2
325 6348
933 1691
2
3023 5020
1885 3503
2
1717 9151
4057 7818
2
801 850
476 1611
2
1422 2635
7253 9798
2
817 9771
2013 2590
2
6151 6160
2822 3627
2
4159 9172
4428 5479
2
520 4337
2476 9215
2
866 1323
2679 9446
2
1441 4062
5224 6731
2
6707 6826
6609 6805
2
4199 6628
472 477
2
47 2884
6247 8723
2
283 7632
3306 6227
2
6245 7531
6018 9371
2
278 1319
3309 5558
2
2430 8959
4481 4754
2
2100 3137
3631 7226
2
5393 7754
7739 8949
2
1956 2581
22 733
2
2197 8091
1731 3095
2
5506 6335
717 1097
2
2431 2850
222 5257
2
4135 5163
4474 8063
2
2076 4699
76 101
2
45 451
5591 9236
2
1321 3133
1404 5203
2
758 1025
6334 8413
2
5366 7667
160 5241
2
289 1772
5854 6937
2
2473 3706
6975 8557
2
5187 8171
4020 4903
2
1297 2402
3000 9527
2
113 125
625 1791
2
614 7071
451 2612
2
2441 5771
747 8666
2
6409 9342
5594 7297
2
8241 8830
2872 7113
2
2594 6767
25 1316
2
5121 5536
9469 9683
2
2144 8133
404 2189
2
1407 2774
8 15
2
7411 9020
7585 7753
2
502 7291
4082 6615
2
2611 2980
1487 2971
2
3665 6108
187 1421
2
1030 3437
4301 5622
2
5350 7773
1093 3089
2
255 577
881 5657
2
813 4166
467 3755
2
5175 9238
4141 7515
2
2309 2835
581 1072
2
527 1485
1540 5227
2
4717 9258
4322 9857
2
989 1396
980 7611
2
175 552
3830 4937
2
2369 2860
1369 2311
2
1607 3655
5365 7624
2
3526 4001
1231 2750
2
6653 6913
6085 7779
2
2395 6921
6669 6779
2
282 3875
6970 7283
2
269 9358
107 115
2
591 9700
865 1349
2
3411 5375
6172 8701
2
1953 8536
314 1017
2
2491 7660
579 1207
2
5489 6575
419 2722
2
488 967
3710 8221
2
4777 5424
108 1729
2
7079 7326
128 5803
2
6457 7266
1293 2867
2
7109 7769
214 219
2
2825 4473
1469 5926
2
7177 9275
5566 9181
2
9216 9935
4971 5459
2
2657 5726
1471 2367
2
35 82
1704 2239
2
2078 2157
1207 4435
2
804 8387
2371 3312
2
1584 6335
1220 1709
2
1922 4175
263 688
2
5872 7025
2191 4807
2
3199 8331
384 7967
2
1913 3245
3835 5052
2
1618 7931
5329 5920
2
2419 6414
1058 1285
2
2127 3578
2272 6721
2
515 1956
6021 6895
2
7387 7924
1601 5111
2
1041 5260
3193 4829
2
875 7337
306 4319
2
6200 7851
4371 6379
2
5412 7027
1822 1829
2
2921 4043
857 3233
2
1147 1546
694 5695
2
1310 6281
2753 5981
2
749 5946
1139 1249
2
1780 7581
500 7919
2
6666 7793
2725 3798
2
1364 1481
215 288
2
917 1122
492 1339
2
1067 6993
1980 7817
2
1753 1867
869 7142
2
4663 7993
18 61
2
5057 7195
3805 8698
2
99 248
2291 2757
2
5653 6946
4979 7231
2
5251 6334
2502 5039
2
809 7591
3047 4122
2
1943 6909
57 832
2
6253 9791
5921 6508
2
1745 9054
1142 2197
2
1354 1961
1189 7922
2
6431 9344
1956 5627
2
487 1586
3542 3655
2
7693 9084
2142 6235
2
827 8909
1701 2032
2
1715 6266
5180 6751
2
619 789
2323 6340
2
1413 4025
4100 9641
2
459 1024
1612 9621
2
506 2073
2151 9622
2
477 1222
148 829
2
3341 6209
7644 8599
2
3757 4842
8090 9961
2
2973 7129
2113 5626
2
573 4019
1549 2673
2
3495 4738
2224 2373
2
288 1519
6473 9816
2
4975 6136
881 3183
2
11 117
3833 9242
2
842 1047
3068 5533
2
3589 7526
637 2693
2
707 9878
1217 2349
2
1121 4667
3207 9148
2
53 1180
6593 7233
2
9 113
2 5
2
2351 5634
2194 2713
2
3373 4548
1347 3347
2
5965 8068
2872 3475
2
1264 1963
1727 7666
2
6472 8749
682 1505
2
2287 9942
3216 4843
2
953 4362
702 1733
2
6730 7271
3085 3704
2
6238 6613
4208 8871
2
787 2100
661 6571
2
9245 9579
89 1591
2
4117 6338
6829 9557
2
96 439
5721 8585
2
2131 4546
769 1791
2
1027 2854
6128 8047
2
9849 9941
451 6682
2
1259 3170
1970 2859
2
6357 8636
1292 1689
2
8974 9001
4831 6876
2
1211 5373
1629 2188
2
3755 5048
5283 7753
2
3301 6878
6537 7349
2
847 5106
1833 2521
2
7147 7716
2148 3227
2
2581 5138
4718 7549
2
1477 2595
2570 5557
2
122 2467
2063 3460
2
2638 3947
6407 8962
2
1094 1263
2631 4064
2
4937 8526
743 1741
2
1961 2388
2967 3215
2
2738 9469
1731 9412
2
23 203
4246 5099
2
211 252
1050 6917
2
1809 2233
2613 4064
2
67 911
3079 6529
2
193 779
1061 1170
2
1889 4794
3908 7301
2
704 705
7747 9719
2
3313 6402
7231 9479
2
7471 9576
19 2893
2
5748 7985
1525 2602
2
1335 2582
1336 1725
2
1431 2128
118 7107
2
147 604
2870 3573
2
2683 8160
152 1687
2
1303 3426
14 5827
2
3201 9202
1461 7075
2
2503 7585
200 1151
2
4097 7414
4473 5105
2
1971 4466
755 3651
2
3335 5984
316 9387
2
813 2926
3308 3587
2
1778 7149
4215 8291
2
3084 3865
61 336
2
4496 8605
1153 9824
2
4282 5019
1673 3511
2
869 3342
2136 6055
2
2723 3956
101 295
2
2744 4881
1749 6805
2
3879 5870
6404 7927
2
769 5812
676 2155
2
1399 8756
3369 5347
2
200 4973
4015 6552
2
113 930
649 4199
2
4363 5352
2831 2923
2
4429 6524
7035 7061
2
2987 9538
601 2099
2
247 3080
289 8537
2
2815 8267
49 90
2
1330 3151
3071 6541
2
101 6981
121 305
2
3109 4689
159 194
2
1191 2275
1925 4456
2
417 7216
1036 1191
2
1625 8743
47 537
2
293 4609
6589 7309
2
1033 2316
187 679
2
3873 7312
4396 5721
2
611 6693
83 112
2
483 1454
2983 7609
2
377 4438
1228 8411
2
1981 9768
4534 6661
2
7103 7604
8584 9945
2
3179 9453
7417 9865
2
1763 9310
1563 9007
2
2147 5217
5358 9473
2
177 478
4445 6689
2
1976 2103
25 196
2
2723 9970
5630 6153
2
299 1025
2361 4213
2
649 5954
2607 4879
2
1138 7217
2762 8445
2
4584 7279
5359 7450
2
2051 3833
1441 7592
2
2243 4898
1814 5775
2
5274 5815
871 4266
2
3599 3891
5313 7138
2
991 8260
3247 3579
2
856 5375
7048 9443
2
3431 6694
2927 6711
2
1612 1675
331 4519
2
2310 3287
1663 9470
2
1079 6206
1711 3633
2
4695 9478
53 225
2
200 9249
3863 9644
2
3128 8791
503 9365
2
1766 3375
7 446
2
3389 4246
1316 2487
2
2759 5253
2923 4060
2
325 8226
1296 2387
2
2417 2915
1867 5516
2
3413 3762
8557 9563
2
311 4128
1514 1865
2
2694 5191
5108 5961
2
4811 9540
2612 9617
2
2989 7376
716 1729
2
2563 4326
166 2005
2
179 340
153 3881
2
5361 7516
214 1155
2
3755 5339
2207 8935
2
935 6076
3158 9081
2
1873 5893
4327 6617
2
1889 5014
330 1769
2
2331 6271
3227 4454
2
561 2848
4190 9973
2
1707 2095
4037 6126
2
34 75
2599 9094
2
1421 9990
2729 9011
2
341 1110
28 397
2
743 4655
4711 4974
2
896 8237
2311 6398
2
1058 5385
235 364
2
4130 9813
699 2267
2
3535 6724
1802 9211
2
4579 8425
2177 7493
2
3773 4394
3670 4053
2
1999 7565
3093 5804
2
1895 2218
775 4979
2
1128 9377
3525 4124
2
1339 6909
6885 7436
2
6919 7782
577 3967
2
679 4474
7103 7871
2
1417 6293
2095 2476
2
4219 7179
23 26
2
29 132
484 1321
2
117 1033
749 3930
2
5268 5435
3281 4551
2
6773 6785
3597 4997
2
3130 3327
8853 9016
2
743 834
640 703
2
187 382
4148 8351
2
3364 4143
1993 6218
2
47 3776
2040 3131
2
417 3674
3564 7867
2
84 4199
3404 4479
2
6911 6942
2584 7037
2
1835 4791
7241 7997
2
13 72
2582 3797
2
2746 9931
563 1515
2
9318 9601
3280 9571
2
233 1663
5275 9413
2
4087 8850
1194 3869
2
6479 8999
3371 4936
2
6410 7057
271 355
2
2549 5195
6261 8264
2
4831 7448
204 205
2
1009 4392
2033 7759
2
2375 2516
6020 8091
2
1163 3154
425 2173
2
592 3175
217 1301
2
351 1006
2796 5843
2
2355 2668
297 2533
2
6356 6567
2741 7217
2
883 1292
6128 7509
2
6493 9889
6491 9430
2
3505 4986
297 1651
2
6326 9735
5495 8686
2
2251 5255
3013 4988
2
600 1043
7951 8254
2
4582 5223
1129 7210
2
7495 8824
1364 1517
2
8395 9063
6139 6971
2
2137 2439
1538 4301
2
913 4659
1527 1921
2
4587 7934
6932 8241
2
3493 7360
2881 3297
2
497 6271
1633 2493
2
6211 7108
1856 1935
2
1021 5192
2708 4441
2
772 817
2123 2940
2
47 2327
2005 2874
2
1634 7913
4973 5134
2
2667 2774
4100 6831
2
1513 3173
5014 8753
2
701 1296
846 1181
2
3883 9154
6557 8973
2
7233 8527
1423 9242
2
1727 1788
59 1447
2
31 73
385 633
2
5645 8872
1744 2253
2
3 5422
1807 3413
2
1514 3531
3562 4207
2
1563 6184
1210 1393
2
1009 1202
5870 6543
2
433 812
5447 6701
2
2147 3912
2498 2731
2
1003 7064
1228 5937
2
4948 5903
131 858
2
519 3338
7368 8455
2
1188 1475
92 289
2
1553 4495
1949 2989
2
497 7310
4004 5403
2
9 811
209 1120
2
6757 7096
304 1119
2
1463 1746
2266 5573
2
13 19
6669 6881
2
3101 3389
614 3729
2
443 470
1742 2409
2
1159 7966
252 1921
2
280 3321
6177 8536
2
2683 2906
169 3517
2
151 158
618 4085
2
5867 6636
2659 8501
2
671 2611
6494 9445
2
1869 5002
6214 9039
2
955 2173
1762 7829
2
3607 5750
90 1961
2
1499 2294
125 287
2
4034 8517
3047 7819
2
4683 7898
1301 4405
2
502 4137
7167 9094
2
1628 7137
6658 6991
2
5816 9993
320 601
2
4723 6080
1529 3909
2
719 5306
8528 9325
2
2573 4261
1707 3211
2
5121 5408
58 77
2
6512 6573
934 3001
2
394 2901
1256 6817
2
5147 6766
3844 4839
2
2743 7420
5757 5939
2
4999 5041
3272 4505
2
267 308
119 2487
2
562 651
4646 7961
2
3021 4585
1648 8107
2
5021 7578
2804 3527
2
5038 7407
2407 7672
2
233 2431
877 7262
2
1623 4030
1711 2343
2
2912 7225
9609 9734
2
4003 4781
2126 4293
2
8817 8828
3953 9213
2
8406 9293
41 150
2
3028 3229
275 666
2
2123 7203
326 7177
2
2516 2891
4527 6857
2
1034 4405
8503 9622
2
1663 6447
2401 2963
2
3199 4215
647 4231
2
691 4351
1744 4317
2
1103 4510
431 843
2
5616 9283
5517 7960
2
918 6109
6275 8139
2
4939 9204
1887 4733
2
1537 2174
31 4527
2
9029 9825
251 6658
2
4757 5643
65 2797
2
137 9350
1585 3881
2
4 5
551 1614
2
455 2677
6373 7583
2
172 599
1271 2399
2
696 1139
9263 9718
2
1362 1655
1851 3019
2
501 2240
822 1529
2
1964 2859
3189 4270
2
1192 8161
1921 2256
2
3313 6140
5799 6911
2
2581 4170
7850 8891
2
683 834
1870 5173
2
1839 3494
6071 6099
2
1180 8629
7834 9883
2
5887 8391
1733 4399
2
5621 9412
960 2057
2
38 7409
530 1757
2
5065 6056
4184 6613
2
1223 7008
131 857
2
273 3508
8959 9363
2
2098 2825
1315 2359
2
3653 5543
1088 4329
2
2727 3695
5029 6272
2
2045 9461
4683 6997
2
1389 8009
4786 7761
2
1702 3465
592 1093
2
1079 4850
1792 6981
2
4467 6701
1111 7646
2
1111 4192
4648 9221
2
1007 5424
1901 4849
2
2755 3176
1547 6371
2
3701 4809
156 961
2
5899 9744
154 4511
2
5507 6573
3475 6532
2
1553 3207
38 973
2
35 6282
437 3235
2
624 731
181 2097
2
511 6514
6843 8905
2
499 2148
4969 6391
2
102 209
601 4222
2
2369 5644
1218 1873
2
1605 7412
3031 4395
2
5903 6772
3714 9029
2
208 9117
1495 2308
2
541 6520
173 323
2
2391 9125
2225 6987
2
1241 9601
2024 9069
2
3009 8444
4606 6235
2
2035 2528
1676 3487
2
3137 3588
6904 7931
2
544 1527
285 2944
2
189 2642
1150 4567
2
1955 2928
8098 9491
2
40 103
479 985
2
2275 2648
3154 3707
2
1 827
8 251
2
1542 4477
2222 5243
2
1621 2818
1064 9453
2
1499 4340
1072 1129
2
1531 9818
1939 5783
2
1504 2445
2195 5176
2
485 3354
7031 8695
2
3967 7850
902 1319
2
1371 2024
396 461
2
4830 8507
561 2300
2
217 3000
2594 8803
2
617 2090
3098 6033
2
491 5350
1114 2359
2
831 3838
1723 4035
2
75 5722
3294 6985
2
1201 1536
644 1369
2
9 40
2339 4063
2
1621 5190
2694 4679
2
143 354
6 731
2
497 1696
1411 3003
2
6085 7292
751 2815
2
8533 9928
7787 9665
2
2634 4103
845 1642
2
4939 6620
690 2989
2
4012 4391
187 543
2
1633 2546
536 1297
2
17 421
8570 8751
2
1532 7293
2215 3743
2
673 942
1721 2225
2
998 4843
4703 9428
2
2506 8319
1011 1361
2
4832 6171
195 532
2
4 37
453 6062
2
1230 8069
2555 7761
2
1431 1892
4642 8015
2
2337 8864
46 4421
2
189 3188
978 8839
2
1878 5051
4717 4995
2
6773 7277
971 5964
2
1041 1160
5010 8963
2
941 1269
7536 8611
2
5977 7585
7923 8449
2
575 3182
477 479
2
661 715
2934 7283
2
1737 4223
2363 2632
2
4899 5702
1208 5271
2
4312 6609
4153 4196
2
1327 3666
3594 5573
2
5930 8827
37 144
2
1044 2029
3632 4723
2
4423 4471
5353 8008
2
811 945
7410 8003
2
5171 9375
887 1147
2
1562 6793
5019 6413
2
8683 8882
4925 5241
2
3685 4197
3933 7112
2
5987 7285
4007 8714
2
1 38
5130 7409
2
5903 7790
716 1217
2
351 446
3797 6147
2
806 7157
1343 4355
2
3329 5326
5006 5321
2
1119 4147
443 4341
2
1591 3804
3934 6697
2
3661 4118
1501 3505
2
1 21
8656 9503
2
2307 7811
872 2395
2
2753 5220
6743 6779
2
1237 5955
2196 4291
2
1645 9262
5802 7411
2
21 32
2006 5425
2
101 834
1425 3031
2
7283 9506
3471 5717
2
2987 4623
459 1846
2
6217 7419
2605 7631
2
319 735
3702 8143
2
37 136
152 281
2
776 3803
1505 2068
2
4431 5078
2348 7867
2
141 1330
1273 4201
2
1787 8123
17 6440
2
2122 2169
2164 5653
2
4521 5924
3088 5715
2
2101 7398
5183 5561
2
428 511
2941 3495
2
9020 9423
2675 4828
2
8607 9775
3255 4679
2
4215 5171
476 8045
2
4031 8771
5408 7997
2
747 3506
1574 2979
2
5654 5691
2119 9104
2
346 841
3951 4949
2
1907 3502
57 331
2
1381 7330
2446 6787
2
6235 9306
4713 5471
2
26 423
1354 3121
2
2368 6911
3037 7086
2
1841 3133
1557 3268
2
3562 9475
1234 2667
2
2458 4557
18 37
2
735 5896
3988 7875
2
4816 9217
2192 7741
2
2950 9741
2531 4876
2
545 2819
2065 2782
2
1607 7686
135 3739
2
1474 5343
1513 1895
2
1231 1734
1091 2813
2
2475 2888
1076 2289
2
437 2836
6640 6847
2
199 3984
1650 8321
