1000
1
1 2
1
2 3
1
3 4
1
2 5
1
5 6
1
6 7
1
5 8
1
2 9
1
9 10
1
4 11
1
5 12
1
12 13
1
11 14
1
8 15
1
3 16
1
12 17
1
1 18
1
11 19
1
13 20
1
5 21
1
7 22
1
19 23
1
23 24
1
13 25
1
25 26
1
14 27
1
27 28
1
24 29
1
19 30
1
12 31
1
31 32
1
23 33
1
29 34
1
17 35
1
35 36
1
16 37
1
21 38
1
29 39
1
37 40
1
22 41
1
17 42
1
19 43
1
15 44
1
44 45
1
39 46
1
35 47
1
29 48
1
39 49
1
37 50
1
29 51
1
43 52
1
52 53
1
11 54
1
37 55
1
19 56
1
49 57
1
37 58
1
49 59
1
31 60
1
56 61
1
29 62
1
62 63
1
19 64
1
9 65
1
25 66
1
22 67
1
15 68
1
40 69
1
53 70
1
67 71
1
19 72
1
45 73
1
15 74
1
2 75
1
73 76
1
68 77
1
11 78
1
64 79
1
11 80
1
19 81
1
81 82
1
59 83
1
23 84
1
19 85
1
63 86
1
74 87
1
65 88
1
78 89
1
79 90
1
29 91
1
51 92
1
38 93
1
51 94
1
59 95
1
1 96
1
70 97
1
75 98
1
13 99
1
23 100
1
61 101
2
2629 3683
2281 8092
2
6377 8538
188 7103
2
1862 4507
6617 7944
2
1193 3534
2476 3091
2
3931 4073
613 1670
2
3857 7542
329 6187
2
6907 9888
1523 2171
2
3670 6621
4098 9221
2
5781 7694
3819 4061
2
1487 1735
2593 6918
2
379 677
644 5807
2
6711 8578
401 6067
2
1793 4996
1001 9479
2
637 1012
1193 7787
2
811 1818
386 1903
2
4744 9969
4741 5026
2
29 54
866 7849
2
1121 2520
3721 7577
2
1278 1571
1361 5160
2
1171 7214
2233 7635
2
3185 4938
274 647
2
1153 5515
7296 8677
2
3973 7062
311 3533
2
2381 6014
3679 5293
2
919 5608
2294 2613
2
330 707
880 5393
2
5984 7107
3497 4817
2
551 8110
1572 5461
2
281 1320
1076 6179
2
2837 6976
3994 7157
2
1012 6345
2511 4237
2
104 107
3259 7636
2
1743 5228
521 6095
2
4942 5027
4052 9945
2
677 5562
367 2567
2
1115 1233
3191 6890
2
11 222
574 3727
2
6742 8671
599 2976
2
4923 6752
2987 4427
2
106 163
848 8379
2
6245 8004
1257 1963
2
523 1656
7583 7837
2
2393 4634
5098 5135
2
34 103
2818 6975
2
1383 5954
203 661
2
236 905
1420 7453
2
1243 9598
1816 6143
2
967 2284
1911 8629
2
3391 5117
64 699
2
5531 8553
187 7540
2
1614 1699
7 146
2
5872 9113
3257 5409
2
2584 6701
2931 6034
2
149 4620
1850 3547
2
3326 4647
577 583
2
1253 5576
34 1211
2
2396 8355
5527 8261
2
2504 3561
4347 5354
2
194 199
836 2457
2
41 484
4112 4251
2
3845 6066
1144 4139
2
3867 5824
113 2151
2
348 1757
179 669
2
5574 7921
1923 5951
2
4271 9396
583 4339
2
4993 9640
328 5777
2
2520 4159
311 1370
2
1165 1166
1556 6531
2
2711 5760
2212 6059
2
118 133
3677 4486
2
6620 6629
409 1188
2
1825 2318
1088 5913
2
6581 9766
3086 8509
2
373 1281
96 503
2
2741 2855
8525 8884
2
3487 9210
223 1687
2
1597 1942
656 1667
2
3243 6416
1108 1617
2
1925 7004
2462 2615
2
3257 6594
1394 7061
2
4555 8351
1263 4958
2
509 940
575 1851
2
1753 4124
1401 4723
2
475 1799
1299 1840
2
641 726
3016 7123
2
2163 2666
45 5381
2
4501 4979
4017 6466
2
73 190
3480 4441
2
659 5334
2521 4223
2
26 1387
2503 5323
2
3491 4928
45 3733
2
325 1334
2634 3115
2
942 7187
296 771
2
91 159
9219 9665
2
2154 4397
4466 6033
2
2598 4705
461 2137
2
982 7185
690 2887
2
489 704
774 1259
2
3035 4248
3642 9797
2
3047 6993
448 6089
2
981 6335
1450 4619
2
2079 2866
2821 3415
2
3329 3982
345 461
2
2309 2325
101 476
2
4206 7283
5677 7570
2
540 8399
6393 8359
2
1528 1755
3428 4409
2
3837 4130
3291 5903
2
4724 6813
4959 7418
2
263 950
2087 3171
2
985 8328
5258 8749
2
5089 6292
2248 3807
2
4702 8855
2176 5127
2
5911 6800
973 3881
2
5367 8068
11 263
2
3411 6383
4037 4140
2
3808 8875
2503 2696
2
7397 9894
1207 5509
2
2467 4032
4545 8089
2
2853 3284
6999 8105
2
3133 4700
6874 7923
2
591 6178
143 201
2
7 216
1534 1775
2
1279 3464
3832 4371
2
5473 5831
2243 2595
2
233 402
1785 2147
2
3541 4946
1161 3469
2
543 7550
454 2319
2
493 7243
4126 5913
2
7124 7207
2078 8847
2
138 3263
7700 8949
2
189 302
45 757
2
4770 6461
5063 8028
2
174 371
793 888
2
2451 2632
430 449
2
1181 1362
2165 7043
2
800 2463
3206 8087
2
751 1682
793 2887
2
689 2312
1175 4991
2
727 744
388 3809
2
5575 9052
3012 9475
2
1151 5928
422 8845
2
6965 7061
353 719
2
2053 9745
1895 7503
2
1298 1867
4597 9230
2
2365 7182
6664 8249
2
2159 9003
289 9355
2
1912 4029
3420 6353
2
1577 9294
3662 5255
2
541 1248
961 6055
2
221 5817
9143 9292
2
1689 5369
1685 5153
2
206 821
200 6433
2
3935 4982
2269 7829
2
3035 9029
659 1003
2
805 1339
1849 6964
2
454 7383
1199 1732
2
142 1023
638 1475
2
421 7089
1983 2230
2
4469 5852
1022 2405
2
1115 3396
6006 9551
2
449 1647
6003 9110
2
2112 3455
2777 3816
2
5663 9722
886 2475
2
832 3461
663 7924
2
6649 8316
384 6311
2
360 1457
896 1957
2
1773 2071
905 2952
2
4167 7826
1227 7489
2
115 338
123 2057
2
3709 5600
3742 8909
2
1342 1993
2184 2705
2
3781 9199
1095 4604
2
569 795
2303 5246
2
4278 7957
4647 7586
2
4605 7144
2131 5101
2
6405 7121
984 2659
2
4551 7826
173 1433
2
253 963
1034 2341
2
3761 6346
272 1555
2
3137 6425
1720 2319
2
2027 2736
5120 6187
2
3943 5405
3862 9471
2
425 494
981 5297
2
6506 7795
7459 8547
2
5489 7163
4249 7632
2
515 1041
349 980
2
1181 4440
1162 2483
2
4813 7998
1455 1897
2
253 493
58 159
2
3656 5717
1549 8905
2
3677 8772
2906 3037
2
485 561
608 4525
2
6037 8199
2180 4279
2
191 942
3717 9509
2
856 1587
2636 3193
2
1607 2991
6351 7358
2
4209 5528
1306 3009
2
2675 5048
8047 8195
2
2372 3481
2521 9660
2
7565 8214
798 6323
2
391 1118
2659 7737
2
6941 8352
5124 7883
2
1403 7849
979 2590
2
3692 5529
5065 5143
2
7333 8231
671 3792
2
26 809
5333 5778
2
1363 1616
2953 6955
2
1877 8626
1378 3609
2
688 4983
600 7819
2
277 6261
2627 4382
2
3361 7126
2898 8263
2
1053 5788
191 3823
2
1516 7443
1440 2813
2
2249 6080
192 449
2
109 478
1847 3969
2
4363 6016
6002 6359
2
3164 3221
7675 9512
2
5610 5669
5563 5638
2
2137 2884
6277 7151
2
163 8685
46 91
2
5085 7474
1321 4941
2
307 3950
4296 4463
2
5126 6799
1202 4501
2
3017 7540
3086 4163
2
6321 6803
605 8499
2
1585 5544
4323 6599
2
1098 2207
7559 8357
2
22 1295
237 4808
2
1239 4759
576 3451
2
377 730
1735 9177
2
378 3043
2093 6407
2
377 5119
901 2718
2
4049 8281
3133 4416
2
235 929
2737 5028
2
1009 2322
5334 6869
2
351 748
305 353
2
997 9034
7003 8737
2
484 7585
3734 7037
2
7559 7832
675 4231
2
3551 8498
497 5951
2
1523 3058
2839 6703
2
1127 4119
2091 3068
2
27 38
229 1241
2
884 7755
660 3251
2
3743 7218
4160 5293
2
1317 3205
6173 6178
2
948 2285
173 479
2
772 2947
2911 7078
2
2021 2074
85 893
2
248 2801
159 1870
2
565 673
1287 3101
2
2845 3543
5697 7166
2
2637 7138
2852 2879
2
5169 6412
2808 3053
2
6442 6771
3417 7040
2
5951 9542
137 653
2
73 1047
1202 2795
2
5198 6403
5227 7165
2
949 1782
136 437
2
1395 4181
2780 7753
2
1077 3992
19 77
2
4594 8381
4549 5169
2
661 7950
1536 2233
2
79 483
495 1459
2
7 78
1009 2057
2
3110 9487
1289 7659
2
1517 3796
3466 3993
2
3247 5401
6509 7344
2
589 5154
2473 4147
2
6870 8489
5930 7199
2
5839 5864
1012 1901
2
824 8853
103 2194
2
25 5153
8816 8883
2
6532 6615
6054 9253
2
8451 9524
2770 9369
2
188 1935
457 506
2
752 1755
2713 3656
2
25 31
51 1378
2
322 801
4450 8999
2
2107 3335
11 32
2
2407 9980
4316 9519
2
1394 5277
3605 8461
2
1163 1285
1847 4736
2
2224 2765
1187 9462
2
7135 9926
1724 8879
2
1000 8973
2663 8824
2
2853 9680
7709 9171
2
2479 7384
211 5925
2
2181 5989
3669 4660
2
2545 3297
3421 7636
2
785 2341
1259 1275
2
2141 6336
1951 3653
2
1013 4121
6035 9878
2
4877 5624
696 8437
2
1549 4189
43 518
2
271 3446
373 2747
2
3205 6546
2819 4933
2
710 3159
3253 6953
2
1547 7172
1051 3317
2
599 1088
1079 2037
2
3601 9504
722 725
2
8368 9139
1227 1712
2
2194 3093
1672 5545
2
1556 1869
857 6956
2
6961 9390
342 1883
2
5313 5491
2259 2374
2
111 2711
1310 5491
2
949 2646
218 1079
2
5771 7932
1923 8789
2
657 2725
2149 3186
2
2209 4878
274 3797
2
4196 9107
705 3376
2
3854 3969
2051 7576
2
549 638
3980 8421
2
5209 6715
9929 9978
2
6206 7739
191 1964
2
4160 7719
5214 6517
2
4185 5098
4603 4645
2
7935 9878
1018 1857
2
6445 8537
1961 3308
2
990 3001
47 1593
2
139 1926
6813 9595
2
241 288
1324 4771
2
4133 5553
3173 3454
2
4261 8728
1259 2365
2
1329 7106
1434 2573
2
2374 2649
6122 8431
2
933 1106
360 599
2
4549 9921
257 4744
2
2701 4256
4236 5435
2
3342 5113
4892 6931
2
653 2722
1912 4109
2
2965 8522
422 8523
2
1933 2582
4390 5139
2
1813 5471
5537 6501
2
2231 7694
4829 5211
2
7129 7283
7215 9014
2
3005 4464
449 6121
2
4195 7959
2761 9584
2
8642 9393
379 551
2
6407 9522
149 2867
2
1279 4252
959 1245
2
1647 7052
1936 3393
2
293 1100
470 741
2
1373 1464
6448 6497
2
631 7969
4943 5648
2
3019 8768
257 8093
2
1875 2228
2245 7489
2
5365 5411
1433 6270
2
1559 9225
1990 2099
2
2081 9702
2888 8651
2
3274 6911
7393 9366
2
1527 2818
250 1853
2
994 1157
557 870
2
5593 7076
2416 6181
2
696 2035
1349 7966
2
715 4899
2669 2930
2
76 135
1417 1544
2
9035 9879
691 1357
2
2339 5338
290 297
2
1763 2885
6769 7531
2
226 777
2129 2728
2
4853 7633
2219 6414
2
2227 7989
267 1411
2
2357 2846
997 1249
2
4407 7405
3443 8474
2
2403 6800
155 4363
2
673 1059
4525 7132
2
724 5925
420 1979
2
2939 4499
1485 6272
2
1128 1141
241 1370
2
1201 1330
2004 9601
2
3217 3636
3538 4295
2
465 617
1363 4161
2
1607 7779
1953 7930
2
686 761
207 2536
2
3407 4401
97 106
2
1628 4291
163 4660
2
2077 3411
2026 2179
2
74 81
5131 9514
2
4649 5477
1151 8050
2
3081 5470
539 6177
2
2572 6033
417 3854
2
3489 4234
6781 7703
2
4292 4351
5659 8258
2
6219 7898
5435 8271
2
895 3676
5438 7437
2
1950 7127
5444 6075
2
511 3532
445 9837
2
518 521
1223 1623
2
1679 2976
521 551
2
3335 6171
2849 9883
2
299 1419
2777 3044
2
219 344
2014 2409
2
1087 2976
5363 7397
2
5191 8430
390 4309
2
1850 3699
741 1945
2
218 1289
7571 9933
2
617 1690
3961 9821
2
1111 4907
2713 5991
2
1789 5355
2287 5794
2
325 1098
2222 3323
2
1033 4668
1268 2189
2
199 4276
341 3163
2
7163 8444
2467 5165
2
5071 5391
2180 3713
2
5591 7609
2170 3909
2
5081 8646
301 401
2
955 4132
1257 1987
2
698 2625
8467 9416
2
5765 7104
871 5251
2
4657 9057
4139 8387
2
538 3221
3181 8544
2
6067 8284
2203 4083
2
3070 5929
6433 9986
2
1477 3298
5843 8275
2
7 8
81 103
2
1635 2788
5617 6015
2
1747 3097
6480 7567
2
2844 5863
1771 3569
2
2104 3671
696 4741
2
1315 1942
1674 3955
2
7291 8685
1843 2438
2
3451 4610
8390 9381
2
1212 5483
2 9
2
2783 7556
4157 6721
2
1229 9560
1049 5863
2
1592 3915
829 4066
2
60 161
418 1205
2
2411 3469
545 2992
2
1697 3073
1023 2746
2
3829 5136
4513 5011
2
2725 5082
1750 3679
2
729 4237
2356 2927
2
2771 3148
567 1963
2
3461 5130
468 719
2
783 9020
1408 5539
2
827 6246
5721 7087
2
4396 8829
273 638
2
8071 9326
2131 2851
2
4237 7146
124 131
2
3139 4158
2439 3649
2
371 8552
968 5205
2
599 1345
1879 7602
2
6503 8103
1507 8752
2
2558 7197
649 3460
2
217 3335
647 6158
2
6436 6979
2339 3695
2
5611 6009
1493 6308
2
4385 9187
707 7922
2
4668 7099
1029 1571
2
214 1407
1443 3586
2
1373 5645
75 2591
2
6442 9691
772 3043
2
6697 8238
305 6497
2
37 78
6840 9097
2
967 6066
3581 8353
2
8365 9081
1484 4355
2
4057 4285
353 1703
2
4643 8535
4141 4261
2
5608 7081
4501 6924
2
179 968
8224 9441
2
700 1347
6703 9890
2
2198 2913
3408 4997
2
157 1606
4420 6147
2
2648 5003
2989 6612
2
4969 8916
1026 1553
2
1754 3033
815 7711
2
172 1779
103 3253
2
2189 4011
8971 9944
2
7213 8917
3553 7346
2
5267 6344
4177 6003
2
165 2386
554 2511
2
1733 2220
1164 4027
2
3147 7154
1309 2719
2
974 2009
7086 8215
2
1566 4261
2317 9938
2
2083 3254
2582 3159
2
2091 2830
16 163
2
208 389
2057 8453
2
1953 8884
6415 9781
2
1921 9872
1966 6553
2
3663 9061
6589 7504
2
1927 4386
120 1123
2
23 564
5972 7429
2
4665 7622
1952 9843
2
491 4119
1697 1958
2
1051 3495
6463 6673
2
4133 7586
5303 8561
2
7909 8238
1355 6943
2
2874 9731
8232 9523
2
2787 9862
2938 8113
2
238 6569
5840 7631
2
454 585
647 3337
2
3845 5809
219 644
2
5921 7649
686 3233
2
4027 6396
666 815
2
4252 8809
635 4076
2
764 1905
2509 4132
2
4858 6157
1498 9467
2
80 2643
899 5572
2
1747 4102
2615 7583
2
4922 9813
4048 9803
2
7081 7610
345 1399
2
1257 2795
2131 3343
2
3575 8626
453 985
2
1177 6695
4117 5516
2
1070 2513
5857 6184
2
2353 3036
1061 2611
2
980 2733
3453 6725
2
6416 8475
2368 3361
2
2761 8176
5795 9483
2
923 1799
3944 5505
2
572 1071
752 5011
2
467 611
1931 3462
2
1750 9573
6241 8675
2
1751 4542
283 463
2
1847 1903
2909 5502
2
501 8090
433 939
2
1627 2400
1318 9029
2
415 433
1719 6049
2
1327 2502
6428 7499
2
461 597
2561 2666
2
143 9712
300 5803
2
4869 5869
463 7108
2
869 9868
4814 9261
2
3578 5685
2739 5906
2
640 6681
5971 8710
2
769 5056
347 835
2
1175 1236
833 1553
2
1003 5481
4501 5248
2
293 7647
9281 9770
2
581 9696
253 749
2
2183 6790
5252 7401
2
3392 3573
2549 8420
2
1281 3487
1696 2899
2
3054 6595
329 612
2
528 1087
1190 5189
2
841 6047
1611 4006
2
4026 8629
2771 8546
2
263 1146
4679 8647
2
1347 1432
1424 2621
2
2486 6663
133 454
2
4442 9487
1159 7452
2
2219 7275
4497 6907
2
3989 7544
511 967
2
5977 7754
1483 1697
2
372 3113
1033 9121
2
1 259
622 5555
2
2335 4656
222 9343
2
3543 4364
1375 2049
2
107 2532
1952 8323
2
297 1673
2298 2447
2
467 7575
2885 4916
2
1509 9154
658 9417
2
2871 6344
1581 6245
2
1847 5862
2126 5585
2
6191 9480
2016 7631
2
4521 5242
2951 3087
2
1968 2039
4265 5152
2
719 1760
491 537
2
1867 3947
1537 3314
2
699 3734
1954 1995
2
5131 8762
1500 1871
2
2336 9533
1821 3212
2
2629 5624
30 151
2
6544 6983
855 1484
2
2728 4927
43 54
2
3421 4448
1313 9965
2
1516 9213
2799 4484
2
3769 4960
4257 4703
2
19 2896
1070 1503
2
1701 8026
7916 8567
2
127 750
3111 6349
2
3161 4290
2022 2183
2
6227 6982
259 457
2
2245 5566
4138 5909
2
1327 1408
4702 6777
2
926 981
87 2288
2
2809 2958
3413 9461
2
782 865
5399 9364
2
79 2408
976 3201
2
1771 2389
1763 4675
2
5000 5131
375 478
2
149 792
2376 6433
2
569 4306
2756 8829
2
1698 6875
947 2709
2
5954 7161
1165 2456
2
29 5160
4326 5627
2
5501 9516
2174 3041
2
2843 4655
1283 7344
2
2924 3063
3277 3767
2
577 624
1382 3131
2
815 1062
3389 4811
2
889 4442
544 1613
2
1459 7844
39 4231
2
5311 6584
1148 8921
2
2177 4698
972 2237
2
3257 5024
3546 9605
2
113 1198
433 533
2
77 4383
1135 1463
2
3901 5572
391 3019
2
467 3582
2307 2519
2
5720 9417
1223 3038
2
5879 9170
285 1291
2
4931 6945
778 2287
2
353 4114
9623 9717
2
2419 2695
2147 8016
2
6641 8416
2555 3473
2
1632 4673
835 6546
2
1916 2733
5316 6209
2
3605 7503
513 2467
2
2258 2663
1123 1386
2
3449 3796
5851 9827
2
922 1667
3448 5645
2
5344 6233
6855 8356
2
5415 7174
2057 3679
2
495 4408
3756 9013
2
6854 9679
197 1661
2
53 168
6132 8089
2
3353 6178
4661 8495
2
8309 8807
6091 7329
2
2965 9814
811 1671
2
741 8804
226 4277
2
13 30
53 121
2
143 167
705 5138
2
962 8663
897 1967
2
3023 4397
329 6978
2
3089 4281
3421 7136
2
1379 8159
143 4366
2
2624 4759
295 6437
2
1030 1377
4457 7492
2
8753 9994
2402 7243
2
3479 4162
1188 4381
2
4367 5549
4822 9493
2
49 384
244 487
2
1913 7124
5982 6317
2
1477 4843
1613 2026
2
3129 8674
5085 8893
2
253 665
1379 7501
2
3375 4511
607 2682
2
1519 1530
1859 2423
2
2401 7755
2303 3527
2
311 2726
1315 2333
2
31 96
61 437
2
851 5910
3492 4051
2
1633 3528
4512 9157
2
2821 3463
6481 8709
2
4919 5876
438 5405
2
3557 7049
107 2509
2
4145 7887
2497 6613
2
3371 4302
4106 8855
2
19 844
1327 1565
2
4240 7747
1079 2970
2
7089 7481
2065 6981
2
163 322
92 6567
2
1768 8875
625 1062
2
2497 2856
2079 2729
2
1272 2623
2357 2938
2
157 2110
3191 5353
2
6459 7724
2962 5401
2
959 2990
445 699
2
95 1954
1761 7331
2
1263 9898
202 337
2
7495 7831
5706 8263
2
1285 2716
658 4261
2
256 337
943 1566
2
758 5269
1781 3492
2
385 537
6053 6308
2
1447 8658
4015 6023
2
303 1405
23 104
2
2306 6515
4121 9522
2
895 1076
352 1999
2
16 223
389 3341
2
603 703
7659 9850
2
2561 4635
1657 4184
2
3101 5709
1749 5308
2
3811 4848
529 1667
2
202 1341
4730 7961
2
279 754
58 4109
2
5098 6773
751 1102
2
3743 5926
5239 9315
2
1 912
3027 9221
2
1190 3903
1251 1645
2
1276 2707
1555 3204
2
2718 3155
967 4984
2
3120 5041
1081 6588
2
263 5402
4996 5123
2
698 1767
2159 5590
2
5083 5467
5141 8832
2
1163 1764
152 6625
2
899 920
1626 3737
2
1129 6875
6646 9703
2
5647 9203
157 458
2
1553 5024
7321 9751
2
604 1937
1839 2902
2
4159 5913
1519 3898
2
959 1219
7256 9639
2
1999 5870
35 5771
2
5939 6862
548 3801
2
1987 7918
2468 6267
2
3986 7351
4631 5508
2
3743 8127
367 5350
2
433 462
255 1399
2
2896 5857
145 481
2
5911 8154
1638 3257
2
6823 8754
880 2993
2
734 997
2867 8896
2
4309 8344
4400 5631
2
3837 4268
72 313
2
233 3080
3386 3649
2
2327 3797
5061 9418
2
3151 6280
423 1861
2
707 9956
8114 9271
2
2701 7512
1072 1087
2
3748 3781
1069 6063
2
29 39
1717 3994
2
2101 3746
1483 2013
2
145 173
1477 6934
2
784 1861
1749 4030
2
5743 5770
2935 4009
2
196 5863
4829 5838
2
550 4473
664 6269
2
511 9370
6087 6253
2
6747 9538
1331 2205
2
3749 5936
3474 4087
2
5554 5923
1264 3647
2
4127 5833
289 9730
2
7495 7662
1960 4853
2
1027 2640
18 91
2
2609 4204
5718 9575
2
908 6709
2140 7449
2
4144 4197
4538 4951
2
501 5635
907 1917
2
5567 6381
2723 3434
2
2358 7543
457 462
2
1799 6193
1792 3099
2
3239 7732
1868 2089
2
478 1357
248 7813
2
2661 3292
184 2317
2
3279 7757
275 794
2
371 1390
466 1767
2
521 857
4028 5477
2
3919 7954
2881 4973
2
95 398
2629 7105
2
5281 8164
122 283
2
2132 3235
163 2573
2
177 4088
1379 6739
2
1538 2463
1753 6139
2
1364 6681
3711 4211
2
2403 5038
7714 9143
2
173 8177
2825 3218
2
4373 4973
834 1307
2
2333 8100
1769 4091
2
961 4110
1768 5969
2
2791 3447
5309 5590
2
2123 8001
965 1187
2
7325 9193
1429 2492
2
1433 1526
9199 9549
2
8672 9159
6420 7321
2
2097 3130
287 4747
2
4208 6401
2411 7185
2
2509 7170
250 6191
2
3884 5915
1832 9411
2
1176 6821
301 370
2
4209 5159
159 3034
2
652 9561
13 110
2
4468 6871
587 4478
2
3083 4098
5206 9655
2
543 2936
2144 5663
2
1945 3023
847 6609
2
5233 7632
2508 2659
2
555 602
1498 6445
2
365 1011
295 4216
2
107 696
1190 2327
2
2281 6052
934 3211
2
1717 3444
2837 5519
2
349 4098
2076 4909
2
1077 1405
7672 7797
2
527 2428
1639 4749
2
213 319
7975 9827
2
3147 9040
1654 9177
2
134 1155
651 3614
2
4091 7658
3333 3379
2
1743 2980
423 991
2
27 64
1009 1885
2
329 2193
3140 8593
2
313 7296
3088 3373
2
751 5640
5047 8723
2
7 3043
533 1956
2
605 1908
2690 3859
2
2377 5012
3617 3637
2
6913 7944
332 857
2
689 1897
845 4932
2
103 9926
275 1843
2
4501 6764
7807 8035
2
74 255
613 911
2
37 6423
618 1091
2
7711 9732
4438 7163
2
715 5587
1324 3699
2
6659 9873
139 5575
2
1512 4895
3549 6397
2
3142 4819
3545 4158
2
2557 9278
59 1801
2
4488 9467
295 562
2
2929 9167
3869 4974
2
103 124
2182 2213
2
153 1160
3088 8687
2
2053 8350
5042 6141
2
676 3279
2365 7759
2
1687 4990
3055 4323
2
2328 5441
2063 4935
2
2555 5574
4191 9305
2
604 7095
1197 3406
2
26 133
2975 6624
2
4664 8205
4042 4213
2
867 1286
2109 7661
2
577 662
5950 8997
2
6053 7978
211 3435
2
377 3180
775 841
2
3 5773
4099 6945
2
157 813
2489 3356
2
1081 2239
1839 6380
2
1670 4627
1118 4947
2
3752 4569
2211 4354
2
9449 9718
5185 9489
2
29 52
913 6087
2
4988 7259
166 1095
2
257 2563
6322 7493
2
3196 7231
1619 8793
2
4291 5858
4789 6875
2
1358 7209
595 682
2
4638 6091
2059 8947
2
425 664
189 667
2
46 1435
233 1537
2
6249 6400
7798 7899
2
5 6
5704 6191
2
113 284
3766 5673
2
681 2549
7669 7878
2
2111 7093
2233 5982
2
3677 9426
1374 6709
2
515 1172
719 875
2
40 5397
1981 9722
2
3019 5668
27 7363
2
1109 3763
3132 3221
2
3439 5703
255 1111
2
564 1685
373 386
2
1725 8551
31 132
2
4897 8166
6891 9341
2
845 4258
2787 4849
2
7421 9258
243 6611
2
2879 4357
1825 7304
2
3845 5958
7234 8225
2
3197 3641
3817 6584
2
2983 3918
601 6787
2
2981 7647
1453 8779
2
1106 1213
698 855
2
4320 4421
672 2207
2
5495 9496
4307 7225
2
4999 5273
1045 3142
2
1549 2054
1312 3875
2
3537 7510
2662 6051
2
1392 3457
2909 6312
2
1321 7838
490 3441
2
677 690
90 1609
2
1771 4164
1702 7151
2
3569 4384
791 1383
2
1476 5321
3179 7824
2
2911 7763
3489 3865
2
6055 7818
5346 9067
2
3455 9734
132 8299
2
1381 2106
3421 4409
2
6557 8834
3617 5749
2
2447 5372
2294 9391
2
3685 4269
1583 3826
2
3827 5821
1081 9001
2
243 3596
3205 3673
2
2047 2160
1600 1639
2
7 55
6317 6752
2
1999 5954
1817 5209
2
415 3633
426 9449
2
2605 2882
3421 4707
2
2161 7361
3223 8288
2
617 3422
9059 9111
2
1163 6798
5386 5485
2
6464 9657
614 2471
2
614 1741
2155 7272
2
1613 1960
7150 8773
2
1079 6780
1039 8429
2
4096 9169
331 767
2
205 3108
1088 1747
2
607 9873
4402 4571
2
1816 4083
6907 8437
2
4313 7860
3444 4531
2
3013 3032
7006 9009
2
2581 8586
1824 2531
2
911 1627
1443 1493
2
2119 2620
422 9203
2
7092 7919
3121 5455
