1000
1
1 2
1
2 3
1
3 4
1
4 5
1
5 6
1
2 7
1
7 8
1
5 9
1
7 10
1
4 11
1
1 12
1
5 13
1
11 14
1
11 15
1
11 16
1
15 17
1
11 18
1
7 19
1
9 20
1
10 21
1
5 22
1
16 23
1
17 24
1
7 25
1
19 26
1
10 27
1
23 28
1
20 29
1
7 30
1
4 31
1
21 32
1
26 33
1
1 34
1
1 35
1
29 36
1
18 37
1
35 38
1
14 39
1
39 40
1
25 41
1
25 42
1
31 43
1
13 44
1
4 45
1
9 46
1
13 47
1
25 48
1
17 49
1
27 50
1
44 51
1
27 52
1
29 53
1
49 54
1
47 55
1
17 56
1
43 57
1
31 58
1
43 59
1
37 60
1
6 61
1
29 62
1
10 63
1
25 64
1
28 65
1
41 66
1
60 67
1
3 68
1
44 69
1
43 70
1
12 71
1
47 72
1
57 73
1
21 74
1
8 75
1
47 76
1
65 77
1
41 78
1
65 79
1
53 80
1
58 81
1
53 82
1
37 83
1
37 84
1
69 85
1
59 86
1
62 87
1
23 88
1
5 89
1
71 90
1
3 91
1
19 92
1
92 93
1
29 94
1
33 95
1
67 96
1
28 97
1
69 98
1
2 99
1
51 100
1
68 101
2
3239 5254
4223 7647
2
2317 8436
7331 9853
2
2943 3422
2113 2931
2
1951 4156
657 683
2
6287 8315
5743 8556
2
157 292
284 2985
2
3479 5842
6922 8021
2
2797 4434
3837 3901
2
383 825
57 1792
2
5527 7974
6337 9299
2
193 5130
7930 8347
2
3570 4171
3077 9541
2
2131 5010
4347 6931
2
5974 6963
45 64
2
1297 2969
6576 7181
2
7921 8310
8595 9043
2
6395 8262
3935 7343
2
416 789
6483 6934
2
1191 2309
982 1345
2
106 365
3943 7179
2
347 1581
1413 1486
2
401 6838
2334 5807
2
5587 9012
3097 5401
2
3155 3521
467 1735
2
1039 6372
708 6145
2
9284 9387
4403 8224
2
3205 9201
2639 5485
2
4458 5849
2425 3634
2
135 8129
1621 3513
2
221 2291
923 3440
2
167 2070
2906 6047
2
33 493
5147 7213
2
622 1011
497 5722
2
1471 5132
421 4961
2
5489 6018
200 671
2
84 697
6183 7960
2
53 182
1031 1689
2
5529 8165
1328 3113
2
7288 7771
811 1131
2
5926 6573
883 7586
2
403 9036
888 919
2
2899 9200
1903 4421
2
141 536
463 7595
2
4117 5886
2733 3227
2
3742 6015
1976 5507
2
7383 8162
6572 7863
2
4749 9074
1196 4323
2
1622 5705
571 3194
2
4559 5252
95 1383
2
3583 7644
3202 8447
2
4975 9004
966 8761
2
1751 2769
1297 6134
2
1804 2199
2583 4105
2
3544 6009
2307 3157
2
2109 2309
3185 3446
2
1523 1836
3524 9511
2
2974 8551
332 8287
2
797 3496
8431 8991
2
1121 5796
211 827
2
2943 8048
5003 6551
2
5742 9739
715 901
2
2891 9672
194 1205
2
864 1729
5977 8570
2
4009 4671
413 830
2
1949 4245
101 112
2
7625 8584
806 9999
2
2340 7063
4193 4716
2
2954 4385
1207 4826
2
4022 5067
3884 8009
2
175 468
3677 3829
2
5532 6769
912 4925
2
19 50
82 4649
2
1291 2838
477 821
2
1223 1254
2498 2731
2
239 282
5455 7681
2
6089 7871
755 4452
2
645 1094
7166 7735
2
758 4325
866 2541
2
7 57
149 7690
2
2009 2664
1163 2845
2
1987 3698
4196 6329
2
223 6723
279 722
2
6063 6085
871 4818
2
15 92
2165 2923
2
1453 2060
4817 9033
2
587 4499
2545 2669
2
161 5402
3600 6317
2
364 575
6536 9097
2
3644 7449
1517 2791
2
731 1889
7111 7635
2
4007 6018
7843 8285
2
655 864
2823 8485
2
397 1352
206 293
2
2971 7047
190 583
2
494 1195
1358 4617
2
1171 6401
1397 7505
2
62 195
4057 6482
2
4013 4905
9583 9749
2
7549 8246
3286 3331
2
1527 5260
5757 6091
2
4930 7267
7229 7322
2
409 4734
3197 4183
2
112 4427
95 132
2
2213 7520
6565 9969
2
1200 2567
789 1273
2
4497 6392
1611 6241
2
1981 3314
556 1365
2
6541 8562
1188 7361
2
7203 9896
325 759
2
141 145
252 2173
2
5074 6269
2361 4229
2
745 1631
302 1483
2
5671 6636
979 4019
2
4727 6758
1292 9659
2
552 631
1041 7264
2
9043 9629
373 987
2
421 1274
4192 4679
2
8015 9136
2637 7541
2
647 1530
5038 7793
2
3793 4300
7753 7797
2
149 4074
6366 9361
2
1433 5082
2321 8441
2
1471 4770
5757 8671
2
27 35
223 2308
2
161 186
7126 8375
2
311 368
656 2711
2
1985 3213
177 9113
2
2117 4260
2873 2963
2
1113 8504
3063 3527
2
5835 9938
1456 5339
2
3329 6116
3407 5833
2
2639 5619
2932 7793
2
2619 9412
286 963
2
204 763
6535 9103
2
2616 4507
2515 4879
2
5151 7658
4733 8949
2
2281 4974
6420 9473
2
5409 6557
653 1409
2
5439 7948
2853 3865
2
8085 9794
592 1001
2
2329 5022
768 1267
2
5759 9840
2583 2783
2
253 2359
1024 3155
2
4303 8524
3246 4753
2
7078 7571
15 32
2
821 1295
3051 3536
2
1925 2899
85 777
2
1409 1611
6875 8596
2
1015 5018
2387 6431
2
291 2260
1532 8757
2
194 891
1119 1354
2
281 504
1867 4717
2
1054 1219
1861 4620
2
7981 8293
619 1069
2
3719 8251
1691 4456
2
4443 7142
3556 5265
2
81 377
608 1169
2
6851 8688
8702 9263
2
8319 8411
4639 6628
2
7337 9780
4008 4229
2
571 598
399 2459
2
2155 3706
5855 7881
2
3025 4344
75 3881
2
4247 8874
3277 5189
2
3926 6167
3167 6966
2
6271 9104
7339 8525
2
120 173
3139 5084
2
733 2523
1425 2863
2
3629 5281
21 59
2
3557 7596
3190 6527
2
1809 7570
1418 4707
2
2953 3728
4601 8337
2
3189 3541
3579 6875
2
7313 8790
101 569
2
232 3293
677 7014
2
629 3454
756 1207
2
51 253
3959 9447
2
353 1058
1036 1759
2
3301 3420
2568 3763
2
7321 9188
3041 6025
2
163 7348
3646 4195
2
2653 8167
1099 1300
2
881 3546
5351 5915
2
7031 9922
2419 7351
2
937 969
84 3365
2
939 1412
2255 4639
2
1157 2773
3003 3970
2
3827 5697
540 3599
2
1079 4639
1723 7560
2
4210 9949
40 9057
2
251 4696
3921 5485
2
4571 6801
2485 6088
2
2171 6897
2491 6349
2
2191 5919
8082 9253
2
7141 9251
2367 2524
2
1294 6827
9253 9898
2
1099 2998
2288 7465
2
5096 7967
8109 8488
2
8437 9611
3592 4671
2
211 683
5001 8209
2
1229 3644
24 109
2
6107 8378
4939 5917
2
1939 9096
2349 7583
2
422 573
2081 3658
2
3893 7578
1328 4627
2
57 148
3123 6191
2
1424 3017
4585 5018
2
990 5011
9430 9739
2
1333 5036
479 1263
2
464 1173
7703 9238
2
613 1314
4143 8977
2
1991 3170
1829 4919
2
4916 5579
1347 1513
2
3865 8624
2081 3401
2
8369 9486
436 943
2
7058 8099
7021 7940
2
3865 9264
3182 8675
2
7714 9575
391 3879
2
3451 4703
448 855
2
4112 6603
1582 6977
2
1054 2427
41 46
2
3831 8750
1 9
2
1 2406
160 1843
2
2647 5752
384 1847
2
7713 8374
2049 6335
2
6643 8304
1636 7435
2
4535 4618
2581 4079
2
2749 9342
7558 8627
2
3079 4364
127 4677
2
48 1609
2305 5688
2
2244 2317
2125 2417
2
3917 3979
1243 2085
2
661 2818
17 3149
2
145 367
8787 9938
2
3817 7083
409 620
2
2265 3592
3887 4591
2
1610 2669
681 1448
2
508 1677
2000 2861
2
2732 4059
668 8675
2
483 5816
151 179
2
3026 3341
1989 5522
2
1303 4462
761 1089
2
930 967
2047 2682
2
3313 7584
192 4999
2
1313 4172
878 969
2
3169 9341
5641 9424
2
1435 3954
4186 9445
2
6078 6617
131 2084
2
2929 6879
991 4732
2
3721 4304
4327 6059
2
1252 9727
8053 8388
2
4496 6759
3878 5045
2
4673 5331
2989 8678
2
467 554
3279 7609
2
7456 8217
6135 9058
2
895 3614
605 1889
2
2113 2684
125 3569
2
96 605
1371 3598
2
1069 1138
1777 2419
2
2071 7327
361 1455
2
4685 7089
1055 1642
2
1897 3506
6268 6289
2
1202 3087
559 1139
2
2575 2607
1711 4765
2
3473 5494
4466 5707
2
43 2246
3687 9269
2
1089 1526
2721 3671
2
580 701
639 1583
2
2565 3634
1892 9753
2
766 3787
2602 8607
2
2511 5614
54 305
2
1761 5521
3083 9946
2
1327 3593
41 1094
2
2206 3959
594 1381
2
3994 8429
2119 4226
2
6698 9963
6229 6922
2
1559 1608
470 1957
2
2321 8763
825 2617
2
579 1285
724 831
2
1652 8707
1696 5577
2
322 561
1009 1508
2
67 1976
383 6549
2
3711 6178
730 1659
2
1211 1700
111 547
2
6812 8883
109 292
2
233 2274
1096 5671
2
1145 2318
2214 5117
2
173 453
3813 4174
2
1519 6374
1364 1585
2
1363 6619
1771 8555
2
167 2966
544 815
2
3683 5614
3061 5115
2
1520 2051
3343 8593
2
30 53
2162 9663
2
112 3371
3545 5756
2
21 6505
411 3823
2
58 135
1535 4783
2
2012 5655
519 6622
2
2641 3772
1312 7143
2
993 6526
6360 7477
2
113 9776
3492 6457
2
3566 6985
2454 6139
2
2261 3949
223 365
2
1946 6127
879 2140
2
1424 5543
1209 1283
2
4310 8489
2057 2598
2
5529 9764
1333 6767
2
763 2670
8427 8873
2
7693 9742
971 1201
2
6313 9768
924 2677
2
692 2311
4119 4121
2
121 828
1980 8521
2
3803 5110
7665 9509
2
506 2561
4677 6749
2
2463 7193
552 875
2
2375 9288
583 1181
2
1966 2773
3200 4467
2
2791 3746
164 1719
2
3211 4302
5763 8419
2
2117 4110
1214 4541
2
3531 5686
2979 7003
2
1 12
1145 2711
2
1109 4664
5497 6179
2
71 133
3567 4658
2
553 6768
2995 3673
2
5385 8383
2195 7814
2
3617 7134
2578 8225
2
757 5528
4742 5937
2
5261 9062
854 969
2
8 5283
876 3227
2
4421 6972
5959 7955
2
445 904
229 4723
2
2501 6272
2994 6361
2
1101 2306
1112 8853
2
314 6855
1691 2936
2
3015 9713
5392 8119
2
545 1466
1828 3165
2
2225 4422
6890 7217
2
6672 6881
2365 4437
2
138 431
1711 7420
2
2161 2565
7440 8863
2
163 378
1749 2383
2
89 496
3 2225
2
145 6498
1622 9761
2
1930 6791
2058 2351
2
769 5191
2008 6485
2
3438 7651
1861 2994
2
24 4967
3467 4298
2
8473 9483
7523 9914
2
3619 8238
8925 9769
2
389 7598
2066 4035
2
895 1446
7059 8245
2
4373 8156
22 1861
2
1891 4335
7789 9154
2
1179 1904
3272 8465
2
77 114
4348 5591
2
579 6287
2353 4676
2
199 571
2838 3871
2
1158 3929
964 6391
2
2021 4659
553 3956
2
450 793
1891 8885
2
183 2666
85 2283
2
1809 7138
5619 6641
2
7690 9701
1389 1931
2
6637 9552
1716 5911
2
149 196
7451 8655
2
2669 6453
179 2660
2
1905 8806
4627 9985
2
1011 5506
6785 7887
2
1069 2456
3527 4047
2
1284 6157
63 911
2
1313 5904
5792 6725
2
1757 2353
939 7166
2
96 1667
40 267
2
1466 4905
2454 2461
2
5878 9567
3191 4145
2
4900 5717
233 3776
2
3983 9738
2766 4451
2
959 1037
5592 6143
2
26 29
7433 9747
2
8103 9700
1141 1483
2
6385 6522
3057 5735
2
25 1152
396 427
2
1479 4610
3838 7407
2
25 2946
5839 8837
2
91 1331
488 1103
2
1015 1867
1573 1632
2
2501 4460
7338 8071
2
963 1790
5637 7633
2
295 682
6507 9239
2
7721 8698
3183 6881
2
3029 5789
861 1340
2
7401 7769
547 5775
2
2233 6889
1284 2579
2
443 5134
6116 9429
2
8142 9029
1781 7134
2
2983 6742
1178 2173
2
3259 4636
8157 8423
2
3904 4135
2417 3121
2
1996 2767
4171 6996
2
6207 6986
4928 4969
2
1131 1312
1933 8833
2
453 9934
94 945
2
243 5663
360 3929
2
7078 9233
6575 7622
2
2169 7082
2388 3127
2
11 357
5467 9134
2
995 1077
577 5294
2
7033 9524
2248 4465
2
595 9223
268 6027
2
2 27
1287 5455
2
8409 8885
881 6057
2
1433 3104
4777 9705
2
109 4455
3880 9181
2
6193 6326
4407 8491
2
2164 4475
251 2186
2
5586 7195
279 1538
2
5729 9669
1789 6610
2
959 1150
3050 3137
2
6661 7252
123 911
2
2345 8584
1003 2847
2
1361 3036
3129 9767
2
89 522
320 6527
2
3617 5879
6291 7612
2
5118 6851
192 205
2
8507 9156
138 4969
2
5126 6581
219 236
2
2582 3363
6277 9205
2
5477 6966
2578 4493
2
139 550
6020 7443
2
2891 5178
467 2299
2
619 7034
1717 2841
2
693 1583
4470 7783
2
457 523
1391 8651
2
1152 2185
2341 2664
2
817 821
19 224
2
7269 9343
15 23
2
3241 3277
827 1152
2
755 1542
5478 7141
2
324 4675
1152 1499
2
1801 3453
1763 5200
2
1039 4121
5146 8769
2
1383 5693
796 1227
2
1107 5450
3040 6273
2
612 3685
3677 4192
2
5995 7182
447 2113
2
685 3984
3777 9079
2
2036 8937
3397 7736
2
481 4818
1278 6709
2
116 9207
5174 5207
2
109 150
2598 9799
2
131 153
7989 8795
2
703 2935
8454 8569
2
1306 4599
3389 9074
2
2219 5580
1118 3197
2
217 2486
2159 5645
2
1432 6031
3221 6400
2
5609 8035
4733 7526
2
146 2709
143 6590
2
2382 5621
533 578
2
9212 9571
115 9192
2
1113 3557
233 1154
2
639 1364
7587 8971
2
7871 9059
118 303
2
2493 3205
3924 4283
2
17 180
8232 8329
2
2121 6298
5477 7737
2
1619 3684
5464 7565
2
743 5580
235 7109
2
5295 9353
2041 2487
2
9 5857
779 2181
2
4714 7881
3271 9659
2
170 5693
954 8239
2
518 3201
623 7198
2
6511 8505
556 4931
2
1541 2936
1055 9083
2
559 898
6034 6133
2
942 5555
572 1267
2
1382 1681
263 1474
2
6465 9941
5809 5958
2
1074 5647
3535 3623
2
4331 9724
774 5363
2
713 794
1366 6399
2
3130 5231
1230 3377
2
2909 8503
3 118
2
7493 8829
5913 9287
2
1501 5904
1485 1609
2
123 4783
3207 6628
2
1607 4159
318 3289
2
1041 2201
2207 8202
2
6073 9677
3761 4630
2
561 1172
272 1435
2
7205 7292
4572 7129
2
5789 9938
577 5631
2
725 8609
2451 5650
2
1496 8091
3151 4754
2
1867 6178
4159 5071
2
1674 5663
159 1888
2
953 1575
1353 2888
2
1704 2837
3299 5987
2
393 850
1564 7329
2
1406 2709
480 1199
2
5731 6742
3890 5809
2
245 1362
937 5627
2
433 579
291 1520
2
2221 2403
73 155
2
436 705
95 1352
2
6793 7023
2673 3634
2
425 2078
3130 8877
2
309 8620
2573 2891
2
267 3298
4859 6591
2
838 4499
2093 2183
2
547 1680
2248 8779
2
215 578
1656 7393
2
1186 5231
1613 9794
2
2292 2669
4633 6762
2
844 1729
7465 7786
2
1192 1203
3631 6788
2
925 7159
1411 5402
2
3233 3933
6409 8317
2
23 650
5966 9637
2
2102 4107
1069 5005
2
2545 6219
2549 7546
2
7128 9671
2647 3378
2
5043 7420
4296 7073
2
1059 1834
556 887
2
6480 9187
5897 7682
2
7 482
3676 9715
2
35 193
1327 5718
2
271 402
8260 9211
2
128 6725
3289 7164
2
389 990
664 5141
2
3089 4301
237 7054
2
861 3827
5743 6289
2
886 971
392 1461
2
1102 9191
4625 8731
2
1103 3780
7260 8039
2
4287 7418
2447 3945
2
3022 3285
3183 3992
2
805 9084
1977 2201
2
223 3618
787 1645
2
533 4470
2304 9683
2
3331 7902
8709 9505
2
4696 6629
2636 5577
2
9459 9667
4937 6646
2
5069 5868
6496 7159
2
248 9585
2543 7057
2
3087 6688
586 2521
2
5668 9135
9167 9182
2
1055 2248
3508 7313
2
366 823
1315 2492
2
5764 6793
1123 1948
2
5976 9073
4922 9531
2
1076 2513
104 459
2
6376 9027
1514 4235
2
4307 4762
6092 9717
2
8105 9246
3422 4477
2
3159 7192
1333 1831
2
4099 8616
3747 5029
2
6367 9106
1558 7579
2
5718 7847
3057 3887
2
5627 8903
2600 8217
2
425 602
2563 3391
2
2573 5939
201 3079
2
4858 5237
1065 7874
2
2872 8149
2628 9355
2
2375 3179
594 6131
2
1588 1665
4555 8152
2
5161 5911
1783 2460
2
2916 3151
46 1551
2
3493 4628
2036 3063
2
192 619
8327 9035
2
4271 6455
8958 9763
2
919 3978
2473 7331
2
127 484
2281 4341
2
4253 4920
1366 3077
2
2815 9307
3575 9314
2
4245 5429
766 3831
2
2351 2409
602 2483
2
107 1780
6969 9091
2
27 46
1399 5141
2
321 1558
2979 7375
2
2328 6827
7754 9675
2
4537 6690
541 9259
2
3488 6731
9789 9934
2
2131 8721
17 9764
2
809 3860
442 921
2
486 7561
5357 7828
2
893 3618
4900 5617
2
1133 5195
5069 9027
2
5081 5985
6453 9818
2
1425 2329
5381 9393
2
3613 6783
3389 5275
2
2765 7801
2198 2609
2
127 778
2979 5195
2
2581 3188
644 2491
2
129 8791
8023 8586
2
5201 7471
8387 8877
2
7242 9625
143 268
2
3218 8767
4753 6539
2
265 456
4882 7393
2
7303 9468
310 3199
2
869 1104
2376 2845
2
2269 4413
1067 1096
2
4770 5119
1691 2175
2
6035 6094
1354 2637
2
71 95
3389 5094
2
5147 5997
6998 9731
2
212 949
4 5433
2
2689 4914
4369 5353
2
2641 7234
6542 6899
2
155 382
1053 1231
2
5303 8211
1489 4106
2
4383 4775
1591 4049
2
349 1016
3851 4853
2
3405 3614
5689 7827
2
219 3943
2645 2947
2
5162 5457
3032 9097
2
2701 5467
235 978
2
3953 6952
5846 8337
2
956 1679
6143 8769
2
8039 8061
3454 6769
2
1339 1398
5376 6439
2
6991 9228
1779 3115
2
2485 3147
2585 9446
2
633 3295
2084 4971
2
1773 7568
2616 8695
2
1513 7090
842 1693
2
3992 5619
3497 4742
2
1 33
4505 6332
2
1963 6119
855 1556
2
2107 4254
1518 1927
2
1399 6188
2404 4463
2
3545 6608
4225 5091
2
1147 9369
4575 8576
2
3541 5636
2719 9261
2
6911 8595
949 1903
2
720 2969
1427 9015
2
1159 8179
474 2155
2
37 84
550 8201
2
2128 4373
1278 2141
2
3583 6657
175 1328
2
2033 2152
7123 7491
2
1969 9272
6432 9685
2
1187 2841
777 1640
2
203 375
3303 6901
2
149 3245
2657 6186
2
8408 8503
5377 8980
2
2915 4529
7571 9864
2
3376 4399
2403 8395
2
410 2169
1379 1504
2
1045 7312
5187 8857
2
3718 6657
141 446
2
1161 2360
1984 3219
2
2164 3357
927 1430
2
1950 2081
2263 6924
2
129 584
1163 2007
2
6281 6422
1379 2837
2
6250 7333
1687 2042
2
1358 8889
9 14
2
1129 1950
5352 8201
2
844 4287
424 439
2
4253 5220
3067 9851
2
2297 3036
1565 7681
2
327 1055
2467 9184
2
5255 6164
2513 3617
2
2539 2732
61 1779
2
321 1106
892 8485
2
5100 5239
1662 4505
2
5723 6565
852 7903
2
3145 7374
10 11
2
793 6567
3873 7094
2
1001 6036
4835 5137
2
56 5197
487 5988
2
1571 3727
2889 7825
2
537 2689
1704 2809
2
1757 3420
4176 4459
2
4499 5035
61 383
2
2241 6260
6403 8533
2
121 625
4850 7887
2
7318 8695
3271 5616
2
713 3044
2858 6983
2
813 3134
974 1651
2
141 6604
5339 9435
2
677 1198
43 1407
2
383 676
574 661
2
3267 7405
461 548
2
8617 8655
963 4046
2
139 3063
3463 6626
2
7957 9887
4450 5151
2
3282 7511
3585 7559
2
2353 2426
626 2469
2
3697 5968
2183 4323
2
1243 3870
4775 5857
2
2363 2627
2381 6900
2
851 9576
3270 4507
2
851 1451
2509 3026
2
6907 9844
6224 6963
2
712 9209
4905 6793
2
3097 6506
7606 8939
2
717 2885
217 6184
2
738 1075
5347 7356
2
24 287
4364 6719
2
1699 3479
3301 6607
2
5509 9339
1801 1982
2
6509 9988
899 1707
2
1719 8650
6373 9549
2
6589 7210
7931 8941
2
4745 6438
547 8203
2
2263 3048
307 4637
2
2281 2362
1478 8161
2
155 5682
212 1835
2
87 847
3739 8870
2
1257 7352
2426 8331
2
1123 5892
1852 6859
2
358 5225
5119 9371
2
2984 6913
681 5225
2
3120 6103
14 4491
2
2471 2608
340 1013
2
7034 7677
3448 8857
2
8003 9599
35 46
2
309 3406
425 2083
2
562 705
89 1892
2
895 1507
2238 2845
2
3241 6624
3008 6871
2
28 87
2069 7198
2
1716 7991
6507 8645
2
718 1745
6869 9418
2
1585 2016
1785 6323
2
1517 4528
871 1785
2
4459 6459
1553 3488
2
6839 7505
2251 2259
2
449 2400
5777 7619
2
2439 7571
6885 7816
2
4607 4700
2510 2673
2
1355 9293
193 3724
2
113 1358
282 1205
2
1471 2383
162 277
2
9627 9698
572 2567
2
1005 1778
287 689
2
1266 2167
227 501
2
1607 6193
1713 2410
2
1979 8906
388 847
2
8935 9198
839 9005
2
763 4601
1439 2198
2
2855 3843
5 169
2
3326 5313
2209 8387
2
229 5707
9143 9721
2
1037 4656
1712 4007
2
6169 7188
3410 3899
2
6315 6913
925 3136
2
5112 6803
279 938
2
4811 8277
4109 9886
2
3211 4646
44 2135
2
7962 8819
1319 7053
2
3628 8631
4616 9313
2
997 1393
1789 3216
2
5713 5806
1004 1205
2
2339 7845
3443 5462
2
3345 3844
599 1695
2
3019 3264
145 2719
2
2673 3428
8368 9753
2
451 3832
3753 7987
2
2101 5754
182 899
2
4025 5108
2196 9151
2
5222 7017
949 2876
2
3943 5717
6477 6962
2
359 1308
7699 8095
2
5084 6763
2021 7182
2
5219 6007
216 4915
2
205 522
2975 3049
2
7921 9202
961 4381
2
3202 6201
1633 6130
2
2582 4631
1199 2270
2
3731 3967
324 2129
2
2633 3056
4506 6571
2
1563 9710
1686 2953
2
1048 1083
661 8480
2
5231 6116
890 5083
2
2695 3404
4382 7871
2
347 2168
2307 5987
2
3466 8757
6573 7534
2
1421 3096
3662 4403
2
3317 7579
784 3849
2
540 3853
1139 8029
2
2499 3634
3463 8151
2
263 1077
9417 9964
2
1325 1516
7093 9931
2
355 6162
3164 3709
2
2677 6386
1441 3397
2
2259 7646
517 3639
2
122 711
9647 9736
2
2659 5910
2719 4759
2
50 153
349 1013
2
302 6027
3949 4682
2
1690 6967
3147 9146
2
1702 2135
6511 9076
2
1491 4366
1339 1609
2
457 696
3959 5341
2
1325 4458
1514 7589
2
3639 4564
3853 8053
2
4003 7275
1703 6328
2
3565 4116
842 2435
2
4727 8821
1363 2370
2
2889 3463
185 6844
2
326 1143
76 205
2
5244 6613
1555 2673
2
406 2379
556 6341
2
251 5136
589 4537
2
1465 6656
2368 2409
2
4 343
3058 3343
2
954 4643
241 4226
2
367 3316
2821 6515
2
6119 7611
845 1402
2
175 412
2961 9043
2
809 9008
1219 7601
2
14 3071
4328 9165
2
2932 4115
667 1252
2
118 209
4184 7973
2
9743 9744
2611 6695
2
1739 2104
2692 4635
2
1297 4674
3129 9931
2
421 1314
1701 6121
2
2488 6887
3583 4628
2
2051 8557
1 6096
2
107 4975
3099 9908
2
6 19
5249 7184
2
5693 8456
3106 3645
2
4866 7381
167 394
2
219 1010
2090 2919
2
2809 5668
4117 6963
2
5836 7835
209 8172
2
4789 9940
1228 8409
2
5897 9414
6077 6847
2
250 727
2083 6016
2
234 1175
4035 5924
2
2441 5639
324 3151
2
7813 8795
319 642
2
23 516
2986 8071
2
1277 1810
6047 6867
2
316 2157
404 6145
2
330 2137
380 1137
2
593 2247
4767 8278
2
1594 4623
1091 1286
2
2458 8109
576 751
2
2123 9725
503 1364
2
2209 7180
1412 2297
2
5897 8490
1846 3521
2
1499 1856
212 2087
2
1513 3858
221 499
2
2307 2450
1585 4561
2
5536 7079
1837 3276
2
508 7125
3571 5903
2
5915 7881
314 899
2
4363 4512
664 665
2
827 1494
1588 1847
2
1759 9918
146 335
2
690 6217
1521 7679
2
4497 7292
1202 3593
2
911 2632
4418 5295
2
1217 1645
1493 2197
2
589 4125
419 2666
2
3 47
419 664
2
3757 9420
3572 4741
2
139 741
1471 9434
2
629 909
629 7279
2
229 246
2219 7303
2
1046 1131
73 5809
2
2110 7323
5887 7048
2
243 8590
4832 8763
2
755 3687
4711 6842
2
1999 9794
4919 7233
2
662 755
2447 9867
2
739 7135
2251 4462
2
1941 6100
514 4307
2
1725 3506
296 7285
2
4074 4553
843 3512
2
883 7026
843 6295
2
965 1097
933 3070
2
1432 2245
4342 7757
2
3385 8426
1472 3603
2
1133 4727
6128 7285
2
3097 4074
3903 4993
2
4838 4891
5454 8417
2
5331 7564
349 4595
2
465 7324
2180 3323
2
397 7442
219 3523
2
1475 5642
8286 9817
2
4867 8224
127 337
2
15 32
6642 9223
2
575 878
2027 4103
2
4139 8733
2115 5012
2
5619 8191
4014 4117
2
1318 7295
4015 8597
2
91 92
91 135
2
819 2125
1619 5601
2
5223 8911
946 2465
2
236 479
686 1349
2
2009 6656
621 2293
2
504 2173
2677 7958
