1000
1
1 2
1
2 3
1
1 4
1
2 5
1
5 6
1
6 7
1
7 8
1
4 9
1
1 10
1
6 11
1
7 12
1
1 13
1
9 14
1
14 15
1
1 16
1
6 17
1
17 18
1
13 19
1
7 20
1
10 21
1
7 22
1
19 23
1
17 24
1
8 25
1
1 26
1
22 27
1
15 28
1
20 29
1
19 30
1
15 31
1
5 32
1
25 33
1
25 34
1
33 35
1
31 36
1
33 37
1
13 38
1
4 39
1
13 40
1
14 41
1
29 42
1
2 43
1
23 44
1
2 45
1
5 46
1
45 47
1
29 48
1
9 49
1
11 50
1
2 51
1
21 52
1
37 53
1
29 54
1
51 55
1
1 56
1
16 57
1
23 58
1
12 59
1
59 60
1
49 61
1
51 62
1
11 63
1
59 64
1
32 65
1
17 66
1
23 67
1
3 68
1
22 69
1
41 70
1
35 71
1
47 72
1
58 73
1
13 74
1
73 75
1
59 76
1
53 77
1
19 78
1
42 79
1
49 80
1
56 81
1
47 82
1
65 83
1
19 84
1
49 85
1
77 86
1
38 87
1
75 88
1
86 89
1
79 90
1
83 91
1
61 92
1
85 93
1
41 94
1
23 95
1
17 96
1
95 97
1
31 98
1
43 99
1
69 100
1
2 101
2
2784 7691
1735 4456
2
463 5334
1628 2941
2
109 585
1831 2312
2
1659 2999
255 262
2
1408 2881
4335 6752
2
827 1164
4 205
2
371 824
2791 4897
2
223 1806
602 1459
2
3497 6147
465 4094
2
3923 4141
467 3916
2
2589 3574
3672 5873
2
449 9924
198 647
2
2319 9757
815 5232
2
4350 9403
2738 5435
2
753 1469
61 201
2
3698 4511
1033 1450
2
641 7510
7054 7809
2
376 755
2201 2442
2
3507 8692
8333 9265
2
4678 9333
1449 2342
2
179 186
1510 1573
2
1275 8317
2769 9214
2
127 3663
2906 3671
2
8753 9984
2118 2593
2
2029 6048
3418 3565
2
101 522
1620 4097
2
8101 8730
270 599
2
316 333
6573 7375
2
3487 5824
670 1389
2
3500 6343
96 1001
2
1801 2790
2547 4259
2
3879 8662
1240 3141
2
2671 2797
353 1242
2
2381 7402
423 3875
2
4185 4594
6401 7117
2
3497 5019
425 698
2
74 81
529 625
2
4697 4749
1924 2411
2
8063 8454
2989 3379
2
1381 3285
4799 7501
2
1951 1976
4540 4961
2
787 2393
277 4069
2
2885 5057
3641 3753
2
1204 1455
5043 9046
2
2218 5355
288 809
2
214 3675
1986 4819
2
3133 5318
3159 6001
2
8563 9474
1352 6239
2
5281 8010
411 503
2
1444 4385
6083 7059
2
643 926
9702 9925
2
8160 8293
689 6228
2
5621 6782
147 1181
2
629 8616
1030 6917
2
1014 5465
1771 2313
2
5901 9238
2092 8799
2
6073 8700
3447 3569
2
1928 5755
3229 8874
2
1219 2684
80 301
2
477 1558
7580 8387
2
2931 5917
238 5949
2
5111 5385
4793 4973
2
3887 5539
5827 7516
2
6061 8872
1846 6777
2
6331 9626
1810 8611
2
3358 4769
1294 1699
2
1359 1540
1511 8403
2
5317 5582
403 6651
2
75 173
1389 2684
2
1377 3440
1813 2419
2
872 3213
17 89
2
269 7943
7783 7868
2
584 3365
2511 3847
2
1150 1307
2837 4516
2
5437 10000
5807 8001
2
6337 9351
117 4414
2
3729 7456
727 6041
2
1393 3079
2019 8009
2
3266 3889
739 810
2
7768 8607
3 8174
2
9671 9678
499 811
2
2543 7229
5899 6096
2
2515 5712
1902 9089
2
2742 2935
614 1011
2
4146 7487
424 2483
2
5263 5375
1347 4228
2
2913 4234
10 91
2
4317 5884
3286 8335
2
1831 7370
2991 4391
2
7447 8907
1712 7385
2
1891 6373
745 1078
2
3805 3876
7149 7501
2
2085 8254
6961 7731
2
277 394
17 609
2
511 2473
2599 2860
2
1468 2801
501 7499
2
1468 2555
4825 5907
2
854 1285
5978 9871
2
4729 8817
3467 4243
2
6051 6884
2021 8961
2
3741 4144
5839 6351
2
1217 4746
92 569
2
2811 9020
286 2803
2
559 1350
579 8371
2
6336 8287
4967 9015
2
323 5736
2014 3581
2
2735 7052
439 493
2
775 1966
4445 9333
2
2135 8896
1399 2749
2
587 4014
251 359
2
1925 6409
4811 8462
2
366 553
113 286
2
839 2337
4907 5777
2
2521 8871
29 82
2
1445 9932
2035 2297
2
3029 3421
3875 4461
2
1632 2275
637 9414
2
2423 2932
566 1561
2
1913 6091
4261 4884
2
223 7624
2489 3851
2
1544 2805
2005 3374
2
2621 2961
563 572
2
1121 2281
227 854
2
1309 7390
70 303
2
1939 6906
2626 6181
2
2651 7475
739 7206
2
562 617
160 717
2
1942 1995
1923 2848
2
82 1267
617 5116
2
622 2327
2626 9141
2
5767 6596
9162 9737
2
353 9208
3019 4265
2
3743 7948
146 467
2
6877 9511
1328 3015
2
5999 9818
6391 7515
2
105 149
2297 2784
2
1927 3186
2355 3011
2
10 907
2114 2433
2
6199 7170
2452 9193
2
207 1760
1245 9649
2
4031 4338
778 779
2
1511 8428
500 621
2
1629 3745
3263 3788
2
349 1753
3409 4264
2
1525 7454
340 5031
2
3367 4829
3856 6969
2
2445 3148
3516 5201
2
2273 6779
4709 7044
2
125 9643
1434 7453
2
3673 8553
4461 8941
2
3056 4887
1107 4078
2
813 4066
3028 3225
2
5319 9730
2123 9159
2
4253 5796
6418 6659
2
4985 5554
9216 9875
2
1877 6357
181 781
2
1136 9773
95 1929
2
3065 9189
2785 2887
2
2870 3513
3479 9164
2
3635 5437
359 5823
2
1097 3122
1647 4871
2
1119 4642
634 993
2
4051 4326
57 169
2
575 2403
1588 7693
2
1641 8167
1763 4410
2
2673 5410
212 261
2
1915 9852
4144 6883
2
937 7471
269 447
2
1591 6144
8019 9133
2
91 3706
4378 5035
2
5038 6223
2261 5045
2
1793 8138
864 1817
2
3277 6331
83 1010
2
3389 4503
496 2231
2
2078 5267
3106 4047
2
3421 3822
1718 4561
2
2975 3457
8549 9036
2
2495 3539
1214 5231
2
54 289
2049 4175
2
1915 7467
3543 8938
2
5833 7162
1898 3559
2
7579 7707
3658 4819
2
2221 3748
237 893
2
1747 9844
387 421
2
811 2475
1311 1834
2
2319 3208
2396 2625
2
237 478
310 661
2
513 613
3176 8809
2
2257 4600
8638 9991
2
6505 8382
5225 7259
2
2088 4145
2369 3807
2
503 1377
655 6134
2
723 884
7895 8777
2
3625 8108
4459 9435
2
2231 5166
243 1543
2
4785 5432
1988 2595
2
75 871
3843 6215
2
989 2893
583 5903
2
3991 5133
4477 5108
2
1648 9281
1279 7335
2
1259 6266
6052 8421
2
398 525
662 8749
2
4469 6013
2535 6439
2
4673 6720
3906 6229
2
611 1734
3002 3521
2
4237 8943
1775 2593
2
5323 6843
399 4790
2
4235 4812
287 611
2
2829 5203
2363 7723
2
255 1756
4991 8669
2
31 430
500 703
2
2993 6661
21 32
2
520 1851
2506 4555
2
338 4871
2515 3744
2
2154 3823
443 8435
2
1583 6282
4095 4159
2
5961 8188
13 15
2
1051 2264
7626 7747
2
156 2429
321 1924
2
3254 3621
429 3572
2
2417 2646
2183 2957
2
2267 6611
4630 8081
2
463 534
4552 5971
2
6387 6496
3614 4317
2
4097 6575
4999 7203
2
3931 6845
4173 6184
2
1553 2400
3023 3841
2
2048 3377
7765 8592
2
5298 7619
1279 2646
2
4576 9805
137 468
2
4381 5862
2396 3275
2
139 1040
1439 1993
2
125 4147
1366 3395
2
1365 1418
5469 6703
2
1332 4945
3098 8337
2
3023 9067
1118 5125
2
4180 7527
349 6034
2
1521 3511
353 9698
2
301 5244
490 839
2
911 1044
5380 6263
2
4213 5844
231 4997
2
7894 9463
1801 6382
2
3079 3639
7173 8014
2
2231 5752
2247 4505
2
256 2855
1380 1531
2
613 1206
5452 7429
2
65 534
2072 3149
2
1074 1675
5137 5596
2
4878 5287
6413 6550
2
577 7536
4031 7175
2
962 2083
7121 7535
2
3291 5647
35 208
2
2373 3550
29 279
2
717 2626
218 1955
2
4451 4485
3871 4513
2
5321 6813
461 965
2
803 1178
1 5
2
2927 4354
5176 9017
2
2041 3324
2363 5521
2
302 3365
1669 3346
2
613 794
4163 5085
2
89 680
174 631
2
7778 8291
1179 5738
2
2271 7295
3386 3453
2
1468 4857
808 9709
2
347 426
1518 5363
2
3107 8508
3895 5743
2
3779 4373
9103 9700
2
1358 1713
1318 1991
2
2085 2926
2219 9087
2
3711 4057
746 2513
2
2519 4446
257 803
2
1806 2479
1201 3386
2
88 127
109 130
2
2231 8014
3356 4023
2
347 3871
1588 2551
2
269 6984
6787 8267
2
661 3458
2198 4863
2
3081 8605
5027 8243
2
887 2753
4757 6822
2
1413 7138
700 911
2
2784 3797
2821 3849
2
7265 9068
792 1531
2
3164 3821
1561 4317
2
4547 6030
8121 8177
2
1956 2489
2707 6402
2
869 1544
748 1687
2
1998 2269
3271 5260
2
1215 1654
5078 7035
2
1021 5118
4616 9935
2
2193 3104
2176 8019
2
23 2080
170 5289
2
2510 4347
689 4796
2
131 610
720 869
2
853 5760
3435 4697
2
763 957
3294 8717
2
4866 5171
1135 3763
2
2575 5658
2578 6967
2
4902 7195
160 6907
2
4713 8330
4630 7373
2
4567 7504
789 3239
2
4096 7669
5999 8011
2
426 665
162 7373
2
83 100
2971 7441
2
4748 8637
1163 1514
2
1167 9602
538 2835
2
709 1834
1159 8467
2
3018 9697
2807 3312
2
4278 9881
4711 6039
2
739 1170
802 947
2
2903 5862
6324 6601
2
3153 6272
68 1539
2
1315 1636
1285 9367
2
726 3697
11 336
2
1111 1566
998 2513
2
244 2031
1741 6976
2
289 295
6339 6788
2
2581 5596
540 5117
2
791 1593
3196 7805
2
2216 5655
9043 9739
2
117 430
377 933
2
7453 9364
3068 3135
2
3904 5699
484 6531
2
4241 7335
6689 7216
2
1434 7321
1505 1676
2
4295 6978
6 131
2
7012 9293
1829 1950
2
1955 2442
1225 5527
2
6 11
3689 9914
2
2527 5756
3932 6495
2
2014 8651
2222 8649
2
7672 7673
2429 4506
2
3178 9739
2085 5816
2
1597 2524
4600 5733
2
2988 7903
2331 9470
2
2355 6923
1643 4475
2
5789 9750
964 2563
2
96 3301
545 641
2
211 398
831 2237
2
77 211
5305 5468
2
587 5040
1979 3251
2
3193 6353
747 4328
2
1945 6936
9382 9523
2
2621 2997
2360 7633
2
2525 2629
35 46
2
1801 4863
2021 3776
2
5753 8319
1986 3875
2
605 7871
1117 7657
2
892 1185
2185 4459
2
212 2969
9 32
2
3577 8644
397 783
2
89 8963
1625 6716
2
2580 6031
1388 3395
2
3817 4900
7549 8643
2
1869 6305
6609 8818
2
101 149
1733 2034
2
496 3305
169 219
2
6984 9761
4543 9512
2
11 30
1793 1849
2
763 2115
714 2809
2
2350 8059
3037 3399
2
3479 4265
157 1254
2
1318 1349
479 822
2
2971 7054
83 3751
2
418 431
1305 6428
2
2267 8658
4285 6943
2
2019 2924
3152 3269
2
779 1049
2759 5214
2
2309 3678
389 3479
2
1301 3336
1872 7855
2
369 8711
953 1448
2
2877 5966
79 297
2
5131 5713
1955 3788
2
163 165
3871 8347
2
824 2673
6694 9785
2
3975 5189
2407 2556
2
1671 8380
695 921
2
4109 6148
838 1741
2
2351 5009
1149 2960
2
17 70
3464 6417
2
7239 7742
818 2379
2
1354 5337
766 1291
2
2589 4705
8481 8704
2
53 7657
1294 2703
2
3255 3868
91 107
2
8753 9115
2097 2356
2
777 803
2666 3895
2
947 9121
15 17
2
4613 5522
119 8929
2
1352 5331
2816 8549
2
4973 6465
63 1588
2
6169 6434
2630 3879
2
1830 3737
3158 4705
2
151 163
19 4012
2
4021 6945
184 8507
2
479 950
283 1831
2
1921 3824
4855 6743
2
153 358
3786 5767
2
192 241
2203 7392
2
5761 7738
4579 5561
2
4622 7491
6785 7957
2
1863 5480
57 6373
2
2156 2649
3957 5180
2
901 2072
299 2313
2
356 2553
4629 6322
2
85 96
5047 6443
2
895 3534
8034 9647
2
47 1226
1715 7829
2
1831 2144
1526 7849
2
157 168
103 317
2
407 3186
1070 6251
2
909 3203
6963 7552
2
5506 8547
1086 1955
2
583 2194
649 867
2
1377 1520
1399 3017
2
1379 7509
6303 6373
2
4135 4974
5126 6221
2
262 375
4707 6848
2
7873 9364
4347 5099
2
2795 3911
5674 7693
2
7147 9342
169 1043
2
1524 9773
379 5288
2
658 675
1269 8008
2
2139 2338
1787 3049
2
3631 4564
32 309
2
1268 3021
1259 2765
2
1583 3804
239 1099
2
329 2986
4630 9709
2
317 7464
894 2131
2
5756 6303
3301 5062
2
25 52
4567 7675
2
7406 9693
4394 8573
2
959 1326
227 4249
2
6255 6896
1772 8433
2
7007 9876
2871 3937
2
2496 8503
6355 6817
2
5171 7914
42 331
2
4095 6203
109 1210
2
1213 1950
4104 6551
2
1 736
483 2173
2
5045 7407
6967 9695
2
9158 9269
2598 4187
2
97 478
170 2313
2
1851 9050
155 5207
2
1737 8038
547 3763
2
3796 6659
1213 8445
2
247 1485
1696 9029
2
3814 4079
134 879
2
593 3288
228 1127
2
731 758
245 5021
2
2098 9965
6723 8228
2
1169 7290
6337 7969
2
5717 7834
3879 5963
2
554 4113
5961 6694
2
651 5008
4603 8981
2
589 2073
111 1726
2
6854 9585
746 5459
2
843 7393
7225 8139
2
5527 7248
2997 5231
2
81 7702
4103 6187
2
6848 8429
2483 3612
2
4255 7296
118 259
2
1375 5692
2976 5995
2
1229 3688
584 4659
2
371 2204
413 1035
2
2608 6901
217 1142
2
3359 4632
2886 3287
2
3818 5771
3937 7494
2
4467 9134
1981 3629
2
1147 1638
86 6155
2
2194 2545
4332 4793
2
4832 6603
3339 6661
2
55 1378
201 6815
2
544 1845
2855 7637
2
4062 4691
197 1084
2
682 6153
4261 6226
2
139 1041
1404 4285
2
251 286
6144 6697
2
23 189
2379 2426
2
741 4208
911 1057
2
2731 4626
222 541
2
192 3589
107 230
2
613 1722
1071 1733
2
3959 9840
1411 3913
2
492 4451
3043 5535
2
251 5859
890 6221
2
4476 5425
1457 2798
2
8563 9669
4845 7796
2
1411 4119
864 1243
2
190 1211
55 82
2
4667 6473
2747 8010
2
4021 5044
7594 9757
2
601 2963
1313 5370
2
283 7982
908 3255
2
392 5847
273 965
2
803 2698
4610 8061
2
2323 3720
3714 9359
2
4817 9910
833 4001
2
589 7708
1481 2573
2
409 5974
857 4991
2
7782 8453
667 695
2
4591 8316
796 809
2
461 4166
3574 3625
2
1351 7086
2831 8639
2
802 8473
6824 9905
2
440 2089
285 1004
2
1057 1791
905 6614
2
514 897
613 3734
2
2959 6099
4221 6514
2
3124 3783
53 1948
2
1091 2392
3220 9879
2
4359 6179
1570 9993
2
544 953
5959 6489
2
2297 3960
8721 9533
2
6077 6928
1420 1909
2
343 2391
4162 6485
2
6183 6448
453 823
2
6045 9461
2923 9262
2
813 1895
2142 3329
2
333 440
1472 1519
2
1709 7670
9390 9809
2
4498 9637
469 8779
2
1477 4170
4081 6817
2
1584 4825
383 1554
2
566 7753
2343 5158
2
441 2183
1244 4061
2
115 847
155 6476
2
5172 7781
781 3264
2
197 409
1083 7535
2
401 2931
7035 9538
2
1949 2564
787 4147
2
4157 9007
973 6705
2
139 760
5134 6287
2
3247 9460
7524 7891
2
1909 3366
1330 5539
2
118 361
308 5729
2
4225 4379
409 2457
2
3044 6029
3228 6305
2
831 5758
1105 8909
2
614 1031
3663 6577
2
403 5632
7033 9367
2
1441 5532
2426 7997
2
8292 8887
2476 5831
2
73 355
5167 7656
2
3863 5110
117 647
2
902 7925
5355 6152
2
1791 1829
3829 5155
2
771 8338
1189 2133
2
19 94
3509 6199
2
2116 4123
135 2747
2
1904 6635
1499 3492
2
697 1203
404 2633
2
2274 5587
83 396
2
7755 7946
103 119
2
1825 1977
4112 8237
2
401 6639
3881 5812
2
7919 8626
2084 2317
2
2831 4971
161 2756
2
125 276
1261 1489
2
493 772
3131 3993
2
1082 2455
197 238
2
6371 7323
79 137
2
7901 7974
3310 7909
2
6721 8526
948 5483
2
1991 8808
2982 5435
2
1437 2680
5527 7161
2
1695 1952
1150 3609
2
32 49
7030 9479
2
4309 5072
3002 4947
2
362 2141
6647 6891
2
41 92
2287 8619
2
5633 6914
1475 4881
2
1100 5811
578 2443
2
3227 3806
3335 5471
2
4421 4938
563 629
2
3466 8525
4587 5344
2
305 1817
619 2030
2
2153 4767
399 4426
2
1077 2599
6412 8503
2
1885 4928
4009 8639
2
8493 9628
2722 8865
2
1 68
605 1843
2
2687 6462
5904 6763
2
3538 5131
611 2217
2
2371 9714
425 4609
2
1084 6123
601 1030
2
7253 7818
4122 9685
2
4754 7593
3516 3559
2
1171 4545
1571 3308
2
109 911
9245 9477
2
6450 7867
7575 8228
2
3029 7821
4641 8672
2
548 1275
760 3221
2
1427 2601
588 589
2
70 629
424 2609
2
1671 1943
4710 6623
2
527 820
209 9459
2
6884 7187
4238 5877
2
4327 7115
2587 8816
2
3578 4521
53 1847
2
1213 2198
3772 5035
2
659 1314
578 1687
2
3649 4160
4810 6477
2
343 1451
67 222
2
4753 8388
5885 6877
2
671 5330
667 1133
2
6229 7786
1176 1399
2
923 3034
2220 8681
2
589 1965
1699 6719
2
1707 5086
268 2259
2
1484 9077
232 379
2
3191 3600
1868 2273
2
2883 9422
3436 6913
2
1947 2626
587 1701
2
6807 9035
1557 1592
2
3038 4325
4927 5092
2
4720 5187
4039 8912
2
3493 6761
6393 7946
2
1651 2948
1063 8021
2
4016 7443
177 1358
2
8299 9344
1261 6477
2
1433 2640
1645 2351
2
4179 8114
2420 7577
2
653 7235
565 1246
2
7213 8387
162 199
2
3497 8334
1613 1765
2
4097 4911
1774 3269
2
193 863
1895 9408
2
2367 5561
4377 6109
2
5122 9303
417 5332
2
1550 9747
3958 5297
2
1959 9458
4924 5257
2
1787 6920
2272 2737
2
186 335
3658 4079
2
589 5292
5949 7165
2
743 8381
5167 9854
2
507 8884
2296 5755
2
4637 7972
191 571
2
7328 8267
296 3389
2
651 1910
220 1311
2
2043 6460
2396 3037
2
61 100
691 2511
2
1549 3525
881 3457
2
7381 8439
2143 4588
2
2170 3249
708 1867
2
1255 6638
2598 9175
2
385 404
1364 5193
2
1545 6734
392 5053
2
769 6246
786 953
2
959 4240
532 1849
2
83 944
3488 4591
2
2741 9628
158 281
2
4027 8091
4484 5761
2
3823 4228
3593 4821
2
2448 6719
15 8101
2
5969 8122
184 411
2
477 619
3018 3893
2
63 5401
1323 3196
2
3107 6234
4806 8903
2
97 864
6649 7223
2
437 662
3748 6611
2
1397 4509
3375 5716
2
1367 7138
837 1415
2
2491 8434
2469 4085
2
2044 3851
503 2166
2
6696 8999
1543 8398
2
6914 7041
901 1043
2
4958 8681
1492 3035
2
1665 9284
3016 9799
2
2225 3254
3669 5281
2
61 2449
2143 7594
2
492 2923
124 305
2
186 221
7847 8475
2
1656 9221
1180 1989
2
167 436
3047 8817
2
1211 1398
7258 8533
2
2765 3553
3627 3962
2
245 7104
7711 8765
2
1775 3531
1399 3704
2
973 1348
1547 3377
2
2917 3846
2637 8083
2
4009 5360
356 6501
2
2691 2716
2523 5281
2
477 2338
270 359
2
901 5864
1578 5323
2
5087 6872
1754 8951
2
211 6970
1185 8201
2
3158 8187
751 1897
2
1573 1620
289 601
2
797 4194
642 2255
2
2903 9027
6368 7999
2
3147 4930
2608 4467
2
2706 3373
4552 8783
2
1779 2020
3282 8791
2
2035 4556
482 3585
2
1805 3283
949 5394
2
3089 3263
121 1038
2
2540 7443
5715 7441
2
171 620
3866 4279
2
2101 6855
1735 5726
2
1157 1412
331 9137
2
2293 7119
3005 4094
2
1813 5190
5872 8801
2
4469 8106
3416 6835
2
7399 8807
1195 6536
2
2618 5139
265 2704
2
4524 9749
2381 3731
2
2693 9562
6561 6875
2
221 7886
3873 8573
2
551 3556
3841 4497
2
1831 3570
2703 3907
2
770 6283
1485 3929
2
1039 3658
204 8261
2
1208 5439
1489 7258
2
1549 6340
4616 9597
2
189 5354
2773 4295
2
432 6065
197 2278
2
550 6931
424 9267
2
1210 2161
1936 7003
2
1606 5649
395 1202
2
6473 6921
1203 8210
2
4951 6308
5764 7445
2
2597 6211
203 3768
2
1589 3177
507 7172
2
1879 2649
127 184
2
4191 5725
561 9692
2
4413 9425
4681 7114
2
2221 7952
8641 8805
2
1393 4367
942 4699
2
153 1280
2700 3479
2
373 582
1338 8089
2
2476 9461
4205 5872
2
1768 3879
2503 9709
2
1589 1947
2235 5144
2
4847 7266
3856 9931
2
4267 9050
211 809
2
577 4150
2638 3001
2
5801 5894
1279 4853
2
2965 4632
82 5855
2
749 888
566 713
2
409 900
8066 8509
2
835 7519
607 3967
2
361 4694
3382 9117
2
193 530
2270 4143
2
123 188
3266 9145
2
1840 8347
293 1403
2
382 617
873 1517
2
527 3120
8005 9541
2
1529 6498
1123 3149
2
403 506
8534 8703
2
374 7129
425 749
2
841 1662
273 2243
2
2891 3232
590 1821
2
6226 9993
5523 9850
2
182 1369
175 8832
2
415 1638
4317 8867
2
737 6405
2639 3308
2
5969 9312
1223 1433
2
9 22
3008 9611
2
1277 1342
6410 7201
2
425 6742
175 1647
2
987 4636
2458 6201
2
902 4121
349 860
2
83 1764
51 59
2
8419 8536
364 733
2
667 786
1550 8279
2
281 610
5942 7937
2
1570 3197
1657 6340
2
1609 8073
423 430
2
5987 6789
5911 6883
2
185 8837
509 4140
2
3061 6384
8140 9599
2
2789 6614
583 3147
2
6834 8435
7372 9699
2
3995 5073
4507 6305
2
5459 8966
1266 3911
2
1853 6781
93 316
2
188 3217
4399 6233
2
643 4842
2290 2693
2
356 1251
2857 6160
2
1081 6902
4977 6259
2
2243 9178
1456 4551
2
2391 3565
11 807
2
3041 4071
399 6382
2
138 5089
49 80
2
67 814
282 4979
2
725 5379
5375 8764
2
383 1315
35 459
2
861 1619
2210 7923
2
2273 7850
1156 7627
2
1896 8507
1725 5584
2
2146 9801
2827 4072
2
7757 8638
1019 1655
2
2273 7341
2115 3862
2
145 1648
1746 7435
2
4137 7375
143 196
2
1590 2027
969 3754
2
6426 9529
73 1762
2
9943 9992
5882 9635
2
454 5289
1253 3916
2
712 1459
467 1154
2
3213 6248
7099 7173
2
3185 4229
2917 3291
2
5403 9944
1947 4195
2
2693 3738
3811 4211
2
1771 3783
1288 3425
2
908 3651
4780 4937
2
737 8898
2679 3737
2
3031 3200
1881 7259
2
5 16
49 753
2
31 785
2119 3772
2
7442 9051
4391 4990
2
571 1926
3783 5513
2
2106 8531
3128 3333
2
299 1110
1348 5333
2
2219 2434
4 5
2
3868 8105
4007 9831
2
509 7990
1057 7173
2
4841 6483
217 2845
2
3101 5031
89 164
2
787 1350
3815 6233
2
3839 9748
2488 2907
2
2843 2976
196 8825
2
493 3990
3160 4219
2
1657 5343
1132 1793
2
1657 2355
1713 2882
2
1427 2436
559 2909
2
83 88
3046 9205
2
3503 4120
2307 2953
2
253 732
58 307
2
268 869
831 7802
2
606 637
2851 2942
2
2443 9645
8 19
2
3838 6979
6377 6788
2
187 2008
5598 6983
2
2129 7044
2990 3073
2
6263 9539
3159 3478
2
321 1505
847 936
2
1049 1139
4475 8842
2
1203 7012
2 11
2
969 1790
1637 2487
2
2338 6801
3741 4805
2
1133 2379
1886 9709
2
3501 5405
1461 4661
2
1853 9109
383 5172
2
1525 5258
185 2289
2
67 7914
1363 3089
2
1417 4526
1004 1131
2
5508 8345
2081 5688
2
847 930
114 833
2
242 4683
2454 5609
2
5401 6370
5570 5573
2
8343 8948
2188 4539
2
2716 4313
4733 9024
2
799 3658
1080 6203
2
532 8489
3657 8396
2
4183 5373
2787 6781
2
2413 3778
2275 8863
2
6401 9234
4200 9637
2
1104 2485
322 521
2
539 1488
1362 3823
2
439 752
299 1527
2
5983 9116
2806 4857
2
841 4494
474 2113
2
8203 8765
1544 2209
2
781 9554
270 4733
2
4247 6668
4117 8021
2
3463 6030
1531 8731
2
965 5789
1161 5623
2
2563 8394
912 1807
2
223 3068
2646 5107
2
125 411
2425 4703
2
4020 6559
100 1679
2
1 6
259 5189
2
2457 6518
1057 2291
2
3157 4434
6349 7787
2
5756 6837
132 8605
2
312 997
3455 5997
2
1430 2337
5997 8876
2
1070 2399
3406 5777
2
2738 4159
2921 3365
2
774 8449
1219 3602
2
2356 3057
7261 7298
2
6333 7183
5367 7244
2
1729 3144
860 8123
2
3841 5436
7140 7417
2
842 903
8634 8711
2
649 1530
6470 6587
2
1169 4512
5165 9911
2
5465 6586
2334 2623
2
4453 4506
1043 5497
2
821 3784
2737 3305
2
428 909
1209 2630
2
6004 6115
215 6822
2
895 4511
8060 8371
2
391 668
6104 9753
2
6152 8847
3656 9941
2
121 138
4531 8033
2
382 1965
803 6304
2
251 754
2141 2399
