1000
1
1 2
1
1 3
1
3 4
1
3 5
1
1 6
1
3 7
1
1 8
1
8 9
1
7 10
1
8 11
1
1 12
1
11 13
1
11 14
1
7 15
1
5 16
1
2 17
1
7 18
1
2 19
1
7 20
1
16 21
1
15 22
1
4 23
1
7 24
1
12 25
1
7 26
1
16 27
1
3 28
1
20 29
1
17 30
1
9 31
1
1 32
1
23 33
1
25 34
1
26 35
1
11 36
1
21 37
1
29 38
1
14 39
1
13 40
1
24 41
1
25 42
1
20 43
1
3 44
1
28 45
1
11 46
1
29 47
1
35 48
1
10 49
1
33 50
1
44 51
1
43 52
1
38 53
1
29 54
1
18 55
1
41 56
1
35 57
1
3 58
1
11 59
1
59 60
1
60 61
1
27 62
1
31 63
1
19 64
1
47 65
1
53 66
1
26 67
1
31 68
1
56 69
1
69 70
1
23 71
1
19 72
1
56 73
1
31 74
1
26 75
1
37 76
1
34 77
1
37 78
1
42 79
1
67 80
1
67 81
1
3 82
1
22 83
1
23 84
1
72 85
1
85 86
1
5 87
1
27 88
1
76 89
1
23 90
1
54 91
1
53 92
1
77 93
1
21 94
1
29 95
1
71 96
1
15 97
1
67 98
1
35 99
1
23 100
1
53 101
2
2855 9271
143 402
2
27 476
3467 8121
2
235 571
3201 9610
2
1249 3095
1304 2511
2
235 239
53 1728
2
17 394
5503 7365
2
2521 3513
5421 8936
2
3483 8941
405 647
2
4443 7843
3839 3978
2
2963 3675
4397 4516
2
2372 5963
1002 4099
2
800 3733
1574 1765
2
4102 8935
1793 2806
2
667 7546
1848 6025
2
1579 1898
1599 7187
2
1133 1436
493 911
2
2546 5155
4092 4577
2
977 4212
2173 5171
2
5075 9531
2073 3160
2
563 1454
7389 7513
2
1347 2032
1415 8321
2
173 1002
2715 3869
2
7421 7672
6313 8409
2
187 690
325 599
2
7729 8306
1229 2337
2
1831 7920
3273 7003
2
1164 3871
413 946
2
4134 7301
337 1930
2
2903 3896
1221 8609
2
4105 4107
374 623
2
1351 4335
3810 9997
2
450 667
3313 4870
2
1115 4889
4019 8334
2
3797 8910
6098 8699
2
409 5790
8171 9047
2
1401 7648
44 835
2
341 4519
5843 8064
2
431 2294
235 261
2
558 6805
6531 8012
2
1219 1620
2534 3371
2
4131 4957
959 5774
2
2739 8875
613 2671
2
5234 7141
7631 9163
2
3997 9264
360 739
2
1276 5371
564 899
2
4093 9221
5107 8542
2
4919 5970
2611 3641
2
779 827
3129 3292
2
2008 9587
1717 9120
2
3701 9969
1033 4234
2
737 3236
1152 1715
2
1872 8959
5843 7770
2
2993 5334
4734 9109
2
303 640
4265 6061
2
509 1354
3409 5197
2
617 3414
49 103
2
2791 6127
4641 5398
2
5652 7643
1986 2111
2
33 4195
434 4773
2
560 1839
485 4538
2
2620 3843
1022 2005
2
650 2131
1345 4892
2
3364 4305
3717 4048
2
5254 8451
3697 6595
2
4482 7337
4739 8705
2
1445 1471
1128 3095
2
1927 9810
1476 5459
2
5652 8087
7877 9464
2
5277 6728
1913 4125
2
6301 6430
1027 2001
2
7551 7874
5313 5515
2
173 6402
5513 5777
2
3845 3864
872 1397
2
214 1629
1371 1714
2
293 1508
668 8431
2
261 1246
113 1965
2
5 84
1710 6971
2
7712 9229
2343 8692
2
3471 4727
2143 2368
2
5527 7316
2032 2793
2
459 1559
2476 8287
2
701 2742
463 7967
2
29 5229
2569 4390
2
2854 4481
374 1495
2
2877 9050
1479 2137
2
823 7698
477 1883
2
1517 3701
19 942
2
1427 6685
626 6399
2
2239 3626
3829 9147
2
9344 9649
3905 4536
2
1070 3123
2961 7214
2
278 4063
4540 5391
2
1928 9641
918 7381
2
1751 2808
1178 1985
2
1561 2255
20 39
2
252 743
241 4130
2
4266 5761
1441 2650
2
2381 8137
1785 3994
2
7577 8794
5311 8857
2
3205 6939
848 1565
2
3065 4678
4882 7553
2
8323 8762
6898 7061
2
1885 6236
1645 6341
2
3097 3536
224 1707
2
4407 7616
29 73
2
2987 8982
6135 8867
2
3891 5392
1003 1561
2
2675 2922
5510 7009
2
1355 6184
451 1679
2
3109 6571
5215 6406
2
779 847
339 4160
2
475 1012
2905 8187
2
1756 6277
227 1324
2
2187 2678
632 5123
2
1769 2025
913 2446
2
88 249
2447 5936
2
3949 8023
469 964
2
1365 4568
700 1023
2
1355 4824
2215 2503
2
1287 3017
3865 9397
2
1247 4012
1113 1969
2
7879 8437
1307 1344
2
747 2204
3763 5243
2
830 3711
2695 5066
2
206 1425
9121 9868
2
1243 8241
2656 7363
2
213 7546
4484 7339
2
2455 7571
751 2162
2
122 1491
2638 6305
2
2815 3504
7681 7843
2
977 4450
1850 6693
2
1249 2640
2105 3331
2
695 1902
5748 6209
2
2797 8186
818 3611
2
2901 6259
862 3323
2
788 8403
141 1309
2
3117 3394
5019 8815
2
1582 7855
214 6951
2
403 449
6011 8217
2
2339 4200
2331 9677
2
121 148
712 1325
2
2693 4128
17 3191
2
1849 5635
1034 4127
2
4185 5558
2897 8683
2
299 623
277 2902
2
15 278
6907 9677
2
469 780
1847 8573
2
919 1127
924 2329
2
3998 5125
2454 6047
2
1051 6856
2338 6325
2
4336 4817
3098 8745
2
287 7598
7131 8641
2
721 2834
596 6301
2
3067 6438
3215 8389
2
3347 6817
1877 2932
2
501 986
5418 8147
2
2879 6068
565 2959
2
1278 1405
899 9227
2
167 4270
3 67
2
1738 3407
4925 4956
2
3821 9098
58 515
2
1981 3303
107 1412
2
5873 9799
867 907
2
1563 6199
752 7771
2
3428 8967
335 797
2
2357 5894
449 1695
2
1093 1745
2076 9427
2
2866 3465
4705 6071
2
581 741
7515 9982
2
547 2091
6632 7793
2
9045 9308
1403 2287
2
2147 6690
217 2761
2
193 2862
1670 6323
2
1880 5319
882 3413
2
4537 4690
3853 4979
2
104 7179
355 1916
2
1309 1432
2964 4813
2
827 1528
7409 8361
2
5207 9118
3638 8285
2
7858 8709
815 1027
2
781 2470
2127 2183
2
6486 6677
1779 8246
2
134 219
719 1492
2
1513 2267
1640 8501
2
449 8108
936 2155
2
3137 8453
974 4681
2
1520 2221
565 7782
2
885 1754
3119 3765
2
6089 8644
2026 3617
2
87 584
118 265
2
730 2093
3292 3881
2
253 5663
365 1116
2
6014 6033
3059 3860
2
2283 9628
1753 2841
2
833 5394
2608 9157
2
239 353
4699 6555
2
485 5212
963 9391
2
5107 5844
1593 8381
2
1631 6653
6114 7835
2
22 87
453 7429
2
1433 2619
803 7468
2
97 760
9055 9273
2
101 478
4263 9197
2
1957 3597
1013 4259
2
763 2454
103 7999
2
251 800
22 6219
2
4416 9203
3203 4368
2
1715 8144
499 621
2
807 2902
6477 7987
2
289 828
2087 9233
2
4909 8343
471 4036
2
205 708
2885 8059
2
4479 5782
1320 4981
2
2859 4234
3164 5977
2
553 5904
2778 4363
2
1683 2755
1097 1702
2
1738 9791
3765 4294
2
2127 3082
6286 6565
2
5846 8007
2901 3295
2
1459 1924
758 4757
2
1031 4524
6858 7561
2
4156 4927
883 1848
2
11 30
2694 7387
2
6251 6380
1050 7393
2
3731 5584
1055 1131
2
3097 5811
664 5015
2
6047 8111
7945 8208
2
356 413
1879 8424
2
3578 3627
2913 5036
2
1285 7416
1518 6287
2
3953 8571
1901 9526
2
3642 8993
1651 5224
2
3907 7500
2435 2627
2
1189 1661
187 870
2
6217 8110
1576 6201
2
6178 7845
15 224
2
25 98
2498 5589
2
1593 2644
268 4167
2
2813 6426
1429 3365
2
429 4780
3772 5401
2
1867 5148
6406 8399
2
775 1573
503 2230
2
430 1831
2027 3346
2
273 6722
6211 8113
2
8233 8693
764 2249
2
339 2215
515 5212
2
3400 9669
3988 9907
2
4121 4956
5338 6871
2
4802 5325
1642 1943
2
2041 2914
353 3325
2
4255 8138
90 311
2
106 309
940 1897
2
3211 3378
2133 3899
2
1145 1327
445 2511
2
5231 8568
1124 8807
2
2317 4990
333 349
2
1993 9087
1084 4025
2
3765 5293
1212 1391
2
605 703
1265 9883
2
3863 8554
561 601
2
353 387
641 956
2
80 291
496 797
2
4180 7509
450 3541
2
289 321
3834 6107
2
849 1205
1137 1564
2
2720 7571
5214 6511
2
6177 6643
437 582
2
1410 8093
900 5413
2
421 1401
2099 8986
2
4451 8326
2509 3621
2
3130 7839
3256 5497
2
481 681
1579 4411
2
827 1180
1199 5473
2
2235 9889
1443 5656
2
485 5252
4053 7985
2
1814 2101
1909 2152
2
1161 3124
3089 5039
2
2234 4989
2877 9460
2
1511 2246
1043 2787
2
1633 2600
2120 7131
2
6517 7578
658 8093
2
4356 6179
3191 7632
2
1535 9239
81 3805
2
2041 7770
619 4547
2
5180 9903
329 1150
2
251 5544
7913 8537
2
413 1152
832 2281
2
3631 7618
890 6957
2
4196 8133
235 6127
2
1105 2228
3648 6905
2
2497 9838
8239 8443
2
2555 6348
618 2717
2
2004 3433
74 4563
2
784 829
8581 9900
2
7723 8292
120 1543
2
4231 5531
141 260
2
932 6665
597 2054
2
4009 6960
2640 5197
2
2707 6912
2625 4231
2
233 5027
4720 9569
2
5293 6089
8279 9031
2
1243 2802
4473 4715
2
429 574
2060 4617
2
89 1692
177 4223
2
2163 2228
3770 4403
2
773 4520
7703 9771
2
1781 5464
1215 3529
2
1145 1241
2196 2297
2
1272 2819
1199 2906
2
67 1950
5765 6979
2
42 323
415 7431
2
3629 3790
2047 8677
2
1911 3844
8856 8891
2
1411 8064
4847 7261
2
1817 1948
3702 8311
2
8142 9641
2615 8769
2
7525 9018
6408 6467
2
1895 1998
219 547
2
1929 6433
2655 2738
2
285 6506
2074 4401
2
7379 8490
977 4367
2
311 790
247 343
2
8177 9593
23 244
2
434 843
993 6755
2
1616 7083
1089 5150
2
445 489
253 343
2
6728 8561
3619 3756
2
900 8317
3949 4260
2
1483 4122
48 1003
2
3539 7192
1664 2347
2
110 6463
121 666
2
171 188
88 405
2
1163 8328
2952 6475
2
17 41
705 9722
2
2405 3268
2685 8933
2
1601 6652
382 1101
2
1342 2943
2529 2566
2
2969 3451
1593 6589
2
1719 3263
529 5376
2
2441 2880
3716 6247
2
355 2801
2445 3116
2
3912 7057
547 7192
2
2038 4037
472 1929
2
7066 8879
5179 6108
2
602 1361
334 585
2
1027 6289
7321 7788
2
1431 4948
6625 9001
2
1381 1926
104 595
2
259 4533
3797 4916
2
19 920
983 8029
2
5762 7441
589 2510
2
5715 8956
32 4889
2
197 3597
421 425
2
373 2318
344 6611
2
1254 2327
575 5316
2
2533 8234
2143 4511
2
4191 8876
6203 6753
2
1017 2210
6339 9929
2
526 1023
2295 6839
2
3348 4787
1631 5598
2
2333 3108
7134 8683
2
38 767
101 527
2
4079 6179
858 4571
2
1328 2287
4910 5299
2
108 167
1153 4599
2
554 2907
1619 2825
2
5506 6573
1841 3125
2
8385 8771
526 1711
2
628 903
603 1388
2
3839 6310
1962 4871
2
1089 8050
2266 2803
2
1249 9273
300 8383
2
5709 7210
1804 8067
2
835 6086
560 6887
2
130 4019
3787 9003
2
4189 8958
8759 9011
2
267 3055
275 2502
2
19 40
694 1427
2
1381 9699
580 4447
2
355 2108
181 393
2
3727 8029
118 1385
2
5879 7588
1880 6441
2
1075 6896
1958 4641
2
1321 7392
1921 3373
2
721 783
6407 7742
2
557 2604
271 317
2
1097 2878
1570 8643
2
5431 5496
602 4147
2
3453 6922
3179 6669
2
343 456
12 205
2
2309 8768
1077 2573
2
1804 9049
1774 2601
2
8793 8932
5083 6945
2
767 822
1085 3713
2
2101 2219
1630 3923
2
1578 4621
704 765
2
1675 1908
5617 9379
2
3799 6738
12 853
2
149 1461
5123 9994
2
7272 9295
147 292
2
4808 8739
964 2591
2
257 3158
1567 4447
2
30 91
1184 7101
2
261 1148
3915 4687
2
4151 6276
581 1067
2
3861 6124
5903 7807
2
1900 3137
627 8258
2
3508 7649
3283 5084
2
1912 6721
2575 8508
2
4633 6908
1550 5333
2
4321 7270
407 609
2
937 1829
4241 4264
2
425 3302
8604 9853
2
1927 8896
56 113
2
7082 7749
1053 5360
2
1069 2832
137 235
2
448 1835
3164 4029
2
1433 9704
357 7211
2
4788 6847
7311 7720
2
1113 9470
2575 5247
2
1101 1222
1577 3101
2
5761 9204
1742 3983
2
521 1636
2650 9229
2
2733 6572
476 1969
2
1468 2269
8359 9572
2
1451 5752
1549 1649
2
2418 4933
14 1381
2
1240 4319
3050 3511
2
752 3683
543 3700
2
912 1025
1451 2262
2
3347 6010
2491 2503
2
1073 3667
549 2420
2
5691 7333
280 9913
2
1635 3037
4166 4173
2
4474 6265
253 3678
2
836 3889
3243 9787
2
647 740
800 3939
2
7627 7648
1752 8431
2
403 801
2875 6248
2
1171 1204
848 1107
2
1265 9252
895 5687
2
2815 8623
2854 2913
2
2162 3675
475 2173
2
6585 8698
686 2459
2
5923 8294
2255 5647
2
998 6553
452 841
2
222 583
1745 5213
2
545 1224
1100 2263
2
3641 4778
746 5163
2
530 8343
609 1858
2
1911 4022
1925 5251
2
4891 5490
3550 9473
2
1445 5224
6763 6855
2
67 298
5611 8817
2
241 294
1276 4285
2
409 858
7070 7589
2
7183 7422
1781 8185
2
3573 7381
623 5640
2
6083 8886
1347 7487
2
465 476
194 1539
2
110 213
5797 6616
2
563 5173
1811 3516
2
92 1527
568 3703
2
2544 3031
3321 3820
2
11 4546
3379 5433
2
5529 9040
9789 9811
2
1724 1803
2313 3287
2
41 46
3238 3267
2
1522 7881
155 206
2
31 189
701 3401
2
3899 4292
663 991
2
3522 8501
3983 9920
2
2527 3807
1943 2408
2
2750 4769
6077 8042
2
1027 9287
292 7931
2
1357 2494
1377 3617
2
657 2300
2090 2257
2
1319 7160
3933 7133
2
51 182
7872 8849
2
7586 9481
3676 3729
2
717 1340
4237 7933
2
5633 7779
2441 4634
2
4795 9144
4056 4535
2
127 1068
4384 7097
2
2908 7657
1061 5440
2
4018 6743
713 1586
2
2323 6672
650 1931
2
1439 2282
944 2295
2
3729 6428
237 859
2
1345 6533
540 1427
2
302 431
3067 5496
2
1669 8844
3600 5197
2
3138 6967
7077 7628
2
9240 9587
525 2089
2
3164 5899
2927 8232
2
1699 7924
6013 6883
2
423 1873
5000 6789
2
291 2608
241 341
2
3858 7351
445 964
2
3599 6738
3811 4595
2
6779 8920
119 1793
2
6005 9111
1584 7505
2
362 5847
6133 7634
2
110 5591
5408 5979
2
871 3006
588 4601
2
2509 4644
8298 8431
2
1539 4730
39 5981
2
191 1059
543 1618
2
237 298
2692 2897
2
588 1517
1891 9217
2
1612 4549
3459 4214
2
413 1355
4425 4982
2
13 2360
6089 6489
2
817 4459
2452 3915
2
2001 9148
6171 7619
2
875 2693
7730 9583
2
683 3620
604 1753
2
2017 8186
1300 6911
2
281 4175
1677 4817
2
1399 3145
625 5558
2
1829 6224
5239 5829
2
191 923
599 691
2
2804 6801
95 3796
2
662 669
6425 9347
2
8321 9185
6663 6788
2
607 657
2447 2743
2
137 9124
3821 6859
2
171 1867
7603 9464
2
1691 6335
1991 4899
2
236 1687
763 3013
2
281 7108
3667 7293
2
221 327
2753 3068
2
353 2240
265 309
2
745 4636
23 1421
2
170 2559
8166 9367
2
2579 4591
1229 2438
2
4349 7192
262 1757
2
811 8790
699 1189
2
1409 3186
168 391
2
1551 5068
3615 6689
2
7569 8102
1020 1469
2
1867 5082
804 5447
2
1285 7644
1156 6269
2
1211 1677
1553 3821
2
1056 7957
605 1426
2
835 3584
1040 2221
2
4285 7562
2715 4447
2
232 1331
128 3915
2
3562 4497
4641 5510
2
5715 5966
462 1801
2
592 3255
2113 2858
2
395 7692
1428 1961
2
1274 1685
955 8562
2
448 935
109 9848
2
1699 4430
204 559
2
211 356
6177 8257
2
9491 9552
1165 9671
2
7793 8380
4110 4513
2
931 1787
4079 9324
2
6141 7022
1811 3887
2
6065 6426
4773 7303
2
7699 9928
3877 5543
2
3373 3647
525 1642
2
2093 3512
3956 7263
2
2969 7910
158 7003
2
5630 6571
4891 6272
2
5071 6000
271 311
2
2911 3272
1119 5555
2
80 1173
837 6092
2
1109 9162
240 4163
2
219 259
331 5776
2
397 2665
3365 4582
2
1817 3198
551 971
2
104 1569
3017 3028
2
4088 4927
5738 9835
2
1028 9059
1651 5592
2
4769 9964
1109 1497
2
537 9481
7649 9666
2
4243 9478
143 887
2
3999 6530
1172 2739
2
307 361
1934 2877
2
51 110
1276 3607
2
3808 7149
5993 9944
2
225 7618
241 3655
2
167 240
155 389
2
95 391
6750 8447
2
1013 2682
2759 2797
2
247 5088
4763 7171
2
3735 6722
2182 5729
2
11 164
575 1511
2
991 3195
7311 9142
2
4277 5683
3050 9927
2
1109 1206
1504 1553
2
5010 7021
4369 9488
2
1600 7943
3253 3370
2
431 880
4215 6929
2
769 1306
3149 3213
2
1807 2680
3505 6457
2
941 3399
483 502
2
652 2503
9183 9917
2
11 7122
1028 1361
2
4519 4758
3371 8239
2
4115 7202
2444 8187
2
355 4321
6181 8560
2
4154 5085
4229 4529
2
401 5542
2416 3031
2
35 744
2669 7105
2
818 3907
1177 5208
2
1163 4636
214 357
2
111 193
47 573
2
6105 6767
8849 9590
2
17 156
1823 2003
2
937 7701
193 247
2
2614 5325
8571 9011
2
2119 8062
878 1395
2
1133 2531
1999 2232
2
3523 7354
724 1481
2
213 1331
137 6389
2
852 4141
1324 2817
2
356 1955
1609 9019
2
693 4138
2545 5633
2
6909 9808
1078 5675
2
2699 8486
8723 9401
2
5596 8699
5943 6605
2
163 3330
5043 9353
2
2811 9970
211 5469
2
5189 7306
146 1539
2
2183 5418
791 5359
2
6245 8922
8010 9677
2
363 1946
1952 7283
2
5949 9589
4972 8103
2
9871 9913
2767 4285
2
7665 9166
277 485
2
4380 5437
1497 4094
2
877 1919
179 2304
2
1559 1978
53 1447
2
491 1210
1185 1589
2
2665 2809
1541 1950
2
903 1826
8172 9997
2
393 9442
774 2905
2
1365 1627
530 1211
2
1351 1923
1021 1075
2
603 2660
434 1629
2
7903 8100
2718 3553
2
3937 6252
363 425
2
1789 3921
4779 8098
2
326 2367
2577 6998
2
4717 8717
28 3501
2
9756 9973
1657 4304
2
1949 9613
1837 2336
2
1261 1970
2962 3453
2
49 290
1363 3387
2
2787 4919
1977 5782
2
401 453
557 8996
2
3001 5449
6173 6308
2
108 2495
8787 9761
2
821 923
619 3658
2
7271 7862
4417 6949
2
469 8873
1906 7017
2
3835 5832
1044 4939
2
770 5121
326 713
2
1572 2267
7471 9682
2
394 7701
1077 1144
2
736 1169
3903 9082
2
124 915
1577 3691
2
3695 9696
2246 5131
2
1163 9925
4577 6304
2
1735 4204
3695 7607
2
769 5790
5681 9779
2
2063 7325
2807 6778
2
2231 2814
5948 6613
2
1509 7877
972 2365
2
739 2143
314 1635
2
2157 3928
1900 2647
2
3581 6020
1477 1559
2
473 1986
4594 6805
2
3321 4436
516 1385
2
1437 3062
4407 9899
2
4039 4341
721 9586
2
429 7987
975 6788
2
271 1644
2863 4915
2
6039 8990
278 5201
2
8307 9002
2530 9389
2
3527 6862
1222 4795
2
859 4247
3239 7814
2
5578 7283
463 1602
2
1293 4406
1976 5235
2
41 4234
173 339
2
167 288
1767 1985
2
4059 4604
4394 6335
2
3347 9466
359 509
2
237 1262
4237 9207
2
7019 9445
353 412
2
3947 4122
6501 7277
2
503 1281
1089 7111
2
764 4031
1332 5329
2
5953 6886
3323 8937
2
407 1022
2281 6369
2
19 255
824 827
2
4701 6154
219 7363
2
850 3531
7110 8267
2
2743 9851
205 2808
2
5510 7143
4154 7913
2
321 710
5620 6537
2
2009 3718
9282 9703
2
7265 7442
401 3035
2
2771 4682
5516 9423
2
6095 9444
73 1169
2
4933 7226
5279 8693
2
765 956
1351 3121
2
2206 4053
1698 4399
2
99 4259
1121 7888
2
333 8023
4513 6826
2
1532 3981
239 2470
2
2245 4006
2113 3215
2
240 2657
5807 9540
2
4068 5393
2318 4781
2
79 598
148 2451
2
1561 2844
2872 3413
2
4331 5774
1865 2189
2
1778 3567
5457 6476
2
6645 9463
1011 6392
2
1388 5657
6011 8326
2
171 2234
420 541
2
640 7017
4483 5576
2
1191 6710
815 963
2
698 1269
167 2051
2
5505 5531
3423 5764
2
4086 4879
1109 4475
2
573 728
89 971
2
2311 8159
5645 6652
2
2354 4943
581 3418
2
613 3415
8437 9018
2
2683 3800
4501 7811
2
3825 7228
4309 5625
2
1445 1613
1652 3807
2
943 6576
1063 1597
2
4446 5089
249 292
2
1296 2845
5293 5366
2
807 8764
5996 6235
2
851 2419
1005 3554
2
747 1220
7928 9951
2
1841 8174
6041 8829
2
2568 4027
3793 7036
2
759 1360
434 1571
2
2716 6989
2919 3004
2
1487 6276
284 1829
2
77 1268
758 1145
2
6821 7369
1519 4009
2
236 1057
93 1100
2
374 4387
869 1076
2
3764 5371
824 3381
2
8169 9865
1375 1528
2
7005 9776
5702 8579
2
5357 7620
803 6157
2
177 466
1971 3019
2
507 617
64 523
2
267 2851
3707 9546
2
2196 4787
4596 8999
2
5987 9230
5631 7157
2
33 7532
1748 5413
2
6043 8753
1016 1173
2
5222 9369
21 899
2
2941 7487
5599 7694
2
3695 8928
1987 4165
2
2649 4480
1941 8879
2
1787 2836
3830 5873
2
1197 1430
1694 3659
2
527 666
2749 2875
2
214 487
479 488
2
331 7991
541 1043
2
4251 6338
160 891
2
700 7241
6711 6754
2
6223 7536
13 1883
2
4885 7007
178 285
2
5365 6262
3 1289
2
2257 3002
802 1487
2
8026 8431
7075 9234
2
2237 3413
6999 8618
2
892 1073
1109 8567
2
6239 6497
3163 3240
2
1399 1497
8307 9070
2
2021 6810
518 1399
2
1973 4020
2470 2959
2
1043 7712
352 1455
2
1995 7864
2430 4069
2
2909 3437
4012 8011
2
2895 9974
1478 3487
2
4236 8555
1867 1876
2
158 6825
315 493
2
5869 7673
1957 7094
2
255 346
288 439
2
2429 5836
899 2385
2
4191 5912
2215 5263
2
1889 5820
152 713
2
206 7583
2359 6306
2
5269 9849
780 4223
2
1257 5168
1331 6521
2
5094 5275
3710 8343
2
8141 8963
177 803
2
3758 8125
7251 8653
2
761 1040
3023 6547
2
1465 5366
6674 9217
2
263 2440
433 1767
2
3817 7510
4241 5353
2
2689 8835
803 5608
2
233 9864
1242 1439
2
1573 2153
5402 9931
2
2624 5395
594 893
2
32 403
3497 4848
2
3141 3349
1438 5449
2
3215 8698
302 1405
2
2173 5264
1738 4563
2
691 2202
3138 3955
2
1213 3166
4769 5531
2
612 1253
1417 2017
2
4493 5970
219 397
2
1349 5755
3701 5254
2
967 5988
1451 4621
2
891 6299
151 206
2
6623 8222
2773 7701
2
2249 8191
99 502
2
796 2207
5903 6906
2
25 284
1612 3695
2
2539 8367
456 2867
2
691 1164
5151 9295
2
1867 2398
142 4429
2
659 3147
2332 9929
2
2001 5695
197 3597
2
1303 4140
1122 2549
2
4489 5474
3217 5339
2
464 2091
493 2236
2
709 6336
3485 4127
2
1178 6817
1053 7640
2
33 3232
347 369
2
3182 3903
2257 7430
2
4307 4738
8236 9417
2
4975 8878
3216 4309
2
1003 7058
3079 7561
2
7519 7740
982 2111
2
1473 8054
4529 9011
2
444 1727
1745 6274
2
6577 9724
4193 4869
2
2254 4951
1298 5565
2
6794 9345
1419 2083
2
869 1387
1855 2467
2
305 4791
2790 3563
2
27 50
692 7791
2
1183 8900
1411 5283
2
3103 8652
2429 4481
2
1400 4101
1413 2102
2
4268 7239
1639 4342
2
998 9765
2243 2659
2
2647 4068
185 473
2
3373 6944
3044 4245
2
147 1009
523 3464
2
5972 8925
4085 8684
2
128 3463
1213 7467
2
595 2279
4813 5434
2
3623 4872
430 907
2
1943 5208
3976 5071
2
2265 4067
1086 7279
2
1009 4608
97 1195
2
1331 8147
50 4047
2
703 1434
124 439
2
2043 5900
536 4707
2
243 574
4677 8395
2
183 2752
137 1101
2
6929 7780
7141 9119
2
3694 7409
5647 7596
2
1259 6666
1120 6709
2
302 6779
467 8822
2
4273 6640
224 2521
2
894 8473
3512 5641
2
118 693
410 3677
2
859 1092
2037 2785
2
603 3086
295 873
2
4641 9440
3296 4007
2
872 3603
1181 3241
2
2628 9121
445 1184
2
2347 6164
8187 9787
2
5521 8672
1550 4351
2
2923 3680
877 8541
2
263 9070
1985 7689
2
2823 3110
3067 7011
2
3719 5492
4346 8753
2
3391 8010
4596 4799
2
263 2342
5410 6507
2
1339 1575
827 2668
2
1627 2819
354 661
2
521 810
4696 7343
2
377 1606
617 2411
2
3773 3800
913 2859
2
1679 2654
2343 3557
2
802 1351
7564 8721
2
1842 2231
1421 1488
2
4946 5033
1981 3534
2
90 497
3757 4432
2
1000 8423
3 13
2
6956 7735
244 6779
