1000
1
1 2
1
2 3
1
3 4
1
3 5
1
5 6
1
3 7
1
1 8
1
5 9
1
3 10
1
9 11
1
1 12
1
5 13
1
3 14
1
14 15
1
3 16
1
6 17
1
5 18
1
1 19
1
11 20
1
13 21
1
1 22
1
3 23
1
17 24
1
14 25
1
11 26
1
10 27
1
25 28
1
20 29
1
11 30
1
3 31
1
7 32
1
25 33
1
25 34
1
24 35
1
31 36
1
5 37
1
21 38
1
17 39
1
1 40
1
35 41
1
29 42
1
11 43
1
13 44
1
41 45
1
31 46
1
3 47
1
25 48
1
38 49
1
13 50
1
7 51
1
45 52
1
31 53
1
53 54
1
49 55
1
17 56
1
22 57
1
15 58
1
23 59
1
17 60
1
44 61
1
5 62
1
20 63
1
43 64
1
54 65
1
23 66
1
34 67
1
61 68
1
67 69
1
37 70
1
40 71
1
71 72
1
8 73
1
35 74
1
38 75
1
73 76
1
62 77
1
59 78
1
19 79
1
71 80
1
46 81
1
25 82
1
49 83
1
43 84
1
24 85
1
41 86
1
22 87
1
5 88
1
20 89
1
11 90
1
20 91
1
53 92
1
13 93
1
79 94
1
34 95
1
23 96
1
52 97
1
17 98
1
64 99
1
21 100
1
31 101
2
837 2164
3767 4981
2
6001 6178
2593 2853
2
1657 7233
3724 9509
2
1350 5179
153 1852
2
343 715
2419 3976
2
121 3274
53 237
2
649 4704
1544 1741
2
1401 9571
3971 9203
2
632 3811
185 7196
2
3958 8407
23 312
2
3283 3302
883 2479
2
205 2138
6134 7351
2
613 1435
4063 5139
2
2263 7148
4318 6873
2
3833 7776
3239 4271
2
4661 4676
25 207
2
435 7822
557 2199
2
7672 7835
85 4396
2
1483 6715
6979 7113
2
2922 7831
270 7141
2
4601 5662
1703 4583
2
7039 7803
322 1135
2
2747 5206
584 6951
2
6943 9181
3628 3651
2
314 797
3191 5583
2
2953 7136
3218 4615
2
5413 9999
405 2006
2
2687 8157
3523 6182
2
2284 7497
84 485
2
1297 7228
940 6477
2
1516 4457
1652 2789
2
965 2691
7933 9071
2
3945 5162
4721 6677
2
274 5147
1607 9550
2
2997 9524
2727 2743
2
541 4864
1423 5419
2
3483 4990
310 803
2
3338 4019
2695 7366
2
4264 6549
4981 8350
2
774 7781
773 5404
2
3508 3837
3294 3737
2
717 5900
37 267
2
1274 5731
2659 8565
2
3209 3664
51 3241
2
1355 3876
5158 9551
2
5950 8531
2714 3237
2
2247 4154
611 1191
2
2319 4646
4069 9931
2
57 961
3734 9257
2
1274 4159
3589 5682
2
6433 7898
2153 3631
2
1023 1060
2339 3957
2
2467 6366
1018 5825
2
1236 5473
161 408
2
7288 8633
4926 6251
2
383 768
1013 8497
2
1801 4546
1674 3551
2
563 1414
895 3377
2
1584 1585
3213 6746
2
1027 1492
1593 9875
2
8271 8777
3353 3939
2
3099 3686
3237 5705
2
265 1762
579 8651
2
6379 8379
6887 9868
2
4617 9316
231 2819
2
189 9881
1829 3903
2
8465 8479
2771 2844
2
3439 6531
7775 9892
2
182 375
2481 2951
2
663 686
3444 6253
2
1157 3475
5514 5797
2
1380 6803
2657 4244
2
39 7594
3754 6619
2
4818 6851
1306 2637
2
1607 2314
476 657
2
3873 6136
5701 7117
2
178 1321
1005 1436
2
2559 7612
62 5515
2
8227 9472
46 749
2
935 3686
284 5869
2
6329 7210
6228 6337
2
1723 6840
1065 1429
2
1094 1477
2267 4630
2
1233 1846
30 917
2
616 3219
5597 6625
2
3041 4470
2511 4169
2
3617 9338
78 3361
2
377 1266
6700 7511
2
542 4421
2750 9321
2
139 186
1647 4075
2
3763 7018
1054 7039
2
3201 7541
4955 5451
2
45 128
3072 5315
2
4512 5455
1766 9767
2
199 5085
1157 1351
2
9497 9516
905 3043
2
3789 5750
902 5803
2
4349 4642
3231 5183
2
484 1255
71 77
2
568 2467
2001 3329
2
5158 9127
1163 5279
2
411 3508
118 1079
2
702 2021
2895 8857
2
1379 8566
4200 7477
2
991 7224
686 2393
2
67 2503
125 3506
2
17 90
304 1153
2
2515 5932
2804 2881
2
499 2585
5147 9272
2
695 3074
6710 8389
2
4445 8388
592 791
2
7863 7900
1219 7411
2
2189 2634
3781 8495
2
6105 7129
232 6285
2
25 6452
763 3701
2
2253 3902
6302 8213
2
1717 6368
196 855
2
840 961
3425 5622
2
7017 8065
4289 6479
2
3487 4940
545 561
2
3245 5144
7518 8651
2
307 739
373 1146
2
5697 7418
4656 4823
2
4217 9057
2489 2878
2
2759 7071
521 2806
2
679 1595
3047 3573
2
4517 4674
3509 4739
2
749 9876
341 8489
2
861 974
1052 5945
2
3375 5086
2708 3219
2
1778 4923
4518 8767
2
792 4399
1937 8546
2
1731 4145
317 6026
2
1873 5679
5567 8864
2
6131 6852
396 2957
2
1211 4842
1065 1823
2
857 1760
1081 2121
2
4469 6634
5524 6573
2
2247 5524
3265 3589
2
2311 7536
2834 6547
2
121 2786
2960 6493
2
717 1780
458 677
2
3106 6259
277 453
2
2653 6606
1122 3547
2
3793 5173
977 4824
2
3319 5487
4817 6260
2
445 5814
1880 2317
2
4723 8296
131 141
2
1372 4745
5951 9324
2
2973 4618
4614 4753
2
4950 9907
5197 7376
2
791 1383
353 568
2
991 2248
1436 3253
2
697 2294
386 8143
2
7421 9685
2979 3638
2
3360 6437
1112 7865
2
7387 7903
6013 6998
2
279 284
891 9739
2
8429 9246
692 3115
2
4117 6015
779 3397
2
3743 7692
952 1237
2
276 547
1927 2579
2
7706 9499
635 3347
2
361 3442
1576 2925
2
6081 8137
777 6541
2
3888 4819
3539 7311
2
1682 5109
797 3112
2
2371 6452
2230 6453
2
1014 1421
1073 7904
2
3442 4163
2953 3848
2
1367 2387
3441 3865
2
568 2759
5413 6616
2
1218 2365
261 1289
2
6580 9099
1241 6877
2
1778 3459
1199 4514
2
3923 7930
664 723
2
5834 9957
1408 1985
2
973 3364
6497 9361
2
11 12
827 3971
2
5617 8806
4901 5319
2
3725 9221
1237 1473
2
869 2736
3471 8273
2
6309 8714
386 1143
2
281 7011
400 3023
2
3297 6716
1334 3035
2
5059 5595
4269 7808
2
4599 5254
464 1125
2
939 8107
985 2766
2
1601 2079
3859 7283
2
2989 4289
133 767
2
1126 2751
834 1171
2
2155 4758
337 8683
2
3599 5250
4311 6913
2
841 4912
358 451
2
3809 6293
1105 4021
2
607 1050
2906 3613
2
3677 3980
872 7021
2
277 552
1728 2035
2
4949 7884
2099 5509
2
2271 6161
3217 3388
2
147 5273
2885 3094
2
3655 5754
3824 4595
2
2383 7457
38 109
2
54 3263
3524 5583
2
37 448
5355 7009
2
205 3381
3585 4828
2
1987 9754
5134 6687
2
9169 9974
5870 6373
2
4739 8530
2873 4439
2
155 254
4651 8035
2
1895 9662
198 4919
2
1241 3505
2531 4281
2
513 782
2483 6567
2
1271 1634
4144 5405
2
415 5322
2677 4121
2
747 4240
306 6809
2
2185 6259
2017 2041
2
2495 4782
5301 7007
2
709 4114
7049 7845
2
321 847
6129 9248
2
2685 9572
17 4053
2
1655 4989
110 119
2
1906 8271
2267 5530
2
8759 8902
1901 2603
2
3373 8088
2912 3709
2
4159 4819
3125 5346
2
1253 8222
382 2707
2
795 1391
1303 4102
2
2813 5318
2945 5371
2
3824 4183
3179 5208
2
45 532
2259 5359
2
2978 7289
5611 8721
2
689 1210
1520 2609
2
4181 5742
1116 4127
2
701 6255
2140 4301
2
3007 8350
8105 9531
2
1679 2810
3970 8981
2
3744 4505
5486 8637
2
2285 6454
193 297
2
2769 3590
4161 5017
2
6645 8113
813 1031
2
3333 5246
990 5809
2
1200 6001
1844 3675
2
2579 2827
2973 5275
2
253 9969
363 2344
2
9249 9869
371 2997
2
304 9741
270 797
2
1915 6561
2871 3794
2
829 1377
2511 3370
2
1438 6757
87 274
2
5749 9034
6974 7545
2
857 9039
585 1636
2
5693 6296
1258 6745
2
1181 2958
19 125
2
6077 8184
2755 9553
2
587 1532
953 3699
2
3187 8983
2363 5331
2
293 4040
656 1163
2
245 6543
151 658
2
4811 8836
1093 1197
2
2531 5411
323 8252
2
563 2336
1848 8089
2
5 4937
2119 2338
2
241 864
719 1139
2
821 5374
5219 5801
2
4504 5469
2367 2717
2
4009 7466
452 757
2
5633 8580
4125 7783
2
11 2755
1845 2326
2
323 4871
2810 3663
2
6032 9813
1351 1675
2
3409 8468
2039 2141
2
276 1775
2345 5252
2
4251 8309
1560 2003
2
6265 8817
347 560
2
81 698
720 839
2
8163 9986
688 6387
2
569 4779
1233 9968
2
2999 6868
2815 9993
2
2369 4350
87 689
2
473 6702
3007 4669
2
423 850
2331 2587
2
163 4482
1936 2477
2
1699 5007
189 9188
2
4025 7586
698 7397
2
457 2115
2759 3169
2
837 1030
705 7937
2
5546 7767
515 2822
2
1992 3299
3997 6915
2
2581 3552
411 4535
2
1013 2354
612 1295
2
1957 3786
34 469
2
4910 7503
3033 4448
2
1207 9009
3113 3182
2
7199 7563
439 1808
2
3181 6750
319 7393
2
967 1867
2679 6394
2
429 602
3158 6619
2
2095 7866
8071 8833
2
245 856
85 143
2
6616 7259
2190 5863
2
3749 5515
2311 2442
2
3023 7688
364 7879
2
1681 4254
1440 5507
2
4181 4282
3991 8041
2
1453 5790
5281 7193
2
739 4059
2819 5551
2
4969 7780
2425 7171
2
724 1017
1175 9281
2
5369 6350
5227 9269
2
6436 7665
8215 8572
2
2039 2774
3687 4175
2
4465 7736
5535 6271
2
135 5939
3816 6593
2
6175 9059
6205 8346
2
4928 6345
5991 6182
2
5649 7711
307 4143
2
2531 5429
265 822
2
1105 4174
4 5
2
1079 1264
6003 6613
2
6352 6911
859 906
2
3047 6602
4115 5151
2
3088 3993
1503 9838
2
5080 5469
3131 4904
2
5299 8252
5596 8813
2
1944 2519
3849 8942
2
1997 5817
226 5399
2
5347 5567
5393 5414
2
361 866
2456 3259
2
2077 4244
5153 6797
2
2276 6527
3559 7044
2
157 496
4531 8175
2
245 437
4215 4711
2
3361 6271
605 1118
2
3623 9159
1691 2296
2
2 8401
1621 4606
2
277 978
1068 9491
2
3221 4055
13 4044
2
3580 5481
487 5069
2
121 2452
1632 8695
2
4465 5372
531 1583
2
1937 2148
1949 6991
2
89 3420
3049 5369
2
536 2177
86 1067
2
995 4781
4601 6120
2
4003 4813
6036 7645
2
522 2137
2911 4765
2
845 2984
3589 4765
2
4519 5016
293 6541
2
3239 9350
509 1689
2
4843 9369
5281 8545
2
3505 3521
4693 8992
2
863 2336
2516 6559
2
5923 7337
401 1530
2
806 6027
1729 5458
2
5089 8679
21 832
2
8063 8986
946 5359
2
2333 9584
6355 6441
2
3477 3682
424 4257
2
382 6833
1282 1461
2
1144 1373
8629 9564
2
793 1548
2820 8203
2
653 876
448 4171
2
457 588
4671 8255
2
509 9130
2952 5623
2
3938 4671
2965 3037
2
3133 3872
7648 8791
2
226 369
443 706
2
2776 5299
1699 2146
2
151 8982
2052 6055
2
221 725
1290 5699
2
1943 6474
3290 8221
2
832 4155
3 3703
2
799 2420
221 2469
2
2209 4632
2780 3661
2
828 3721
5365 8824
2
5806 9513
326 3137
2
452 3909
30 9673
2
5701 7908
5514 6355
2
1600 2709
7225 7792
2
72 73
306 373
2
947 2644
3476 4705
2
2837 6550
2107 3023
2
3485 4292
1268 5297
2
1091 3180
2603 6077
2
135 4217
989 5262
2
5612 8777
3291 7664
2
2063 2408
602 983
2
1556 8827
1345 3258
2
5567 8178
2991 4541
2
2549 7212
7976 8333
2
4393 6377
237 1102
2
4333 5013
77 4540
2
5184 9317
1469 4112
2
574 2335
1481 1781
2
4051 5276
499 2583
2
1434 4981
439 463
2
169 233
1399 1403
2
773 2892
7124 8525
2
643 1722
751 1535
2
1889 3423
106 1525
2
6323 9088
4352 4481
2
2598 3425
3877 4868
2
13 869
3643 9854
2
3597 7936
3986 5103
2
701 3079
683 1044
2
97 1496
4030 5079
2
706 4981
212 1935
2
5686 8187
611 5072
2
2891 7746
3506 8335
2
2221 8048
2575 2823
2
38 299
289 570
2
569 625
5106 7543
2
653 883
4357 6692
2
1287 8494
5179 9223
2
1501 9895
1157 7262
2
1465 5539
932 4537
2
4811 8911
745 5417
2
1087 2874
5699 8137
2
8952 9335
2221 3074
2
4115 5972
2246 2969
2
6058 7089
21 6200
2
1243 2703
1113 8678
2
1840 7051
183 3664
2
8083 8988
949 4253
2
8066 8359
803 1260
2
2045 8159
803 3264
2
2425 3858
317 4985
2
35 68
51 8525
2
3531 3907
3299 3342
2
1211 1284
2629 8135
2
1216 2591
6402 9431
2
5426 6995
1951 6326
2
1847 8068
2091 6313
2
2186 4391
199 2526
2
1559 4310
205 4181
2
1311 9743
1639 5670
2
2608 5353
5063 6343
2
1873 5671
1165 5481
2
2203 3814
759 2479
2
3212 3873
1707 2635
2
2981 8147
3145 8226
2
40 131
423 1468
2
2981 8254
889 4813
2
1661 6320
3730 4893
2
601 829
3671 4928
2
113 2547
5539 8725
2
1591 3538
2891 6021
2
94 2061
3473 3847
2
1915 2278
3967 6727
2
2854 3959
53 320
2
5297 5504
1232 2615
2
2293 2796
1546 3269
2
179 6721
1089 6563
2
3331 3959
3173 6752
2
3657 4910
457 2503
2
2005 2214
3581 4945
2
301 954
5212 5653
2
59 409
4203 4613
2
269 444
187 9413
2
8713 9381
2089 9404
2
274 8421
4046 8923
2
635 5246
53 127
2
11 197
113 473
2
2883 7279
301 576
2
209 1726
3190 4443
2
4213 6569
5708 8145
2
2887 6746
2033 7377
2
3040 3759
1641 4826
2
2028 6289
1689 2098
2
500 9099
3775 6724
2
70 501
83 506
2
5897 8402
268 6625
2
1375 1698
1718 4825
2
1205 5767
5715 7354
2
944 7085
5153 6301
2
434 1713
529 1535
2
2049 3295
3953 9517
2
2947 4174
2760 4819
2
861 5282
34 105
2
1241 2572
508 869
2
2983 9292
106 155
2
5239 7034
1133 4789
2
5904 8105
6976 7337
2
2639 6308
1979 3185
2
37 44
2077 2873
2
3005 7012
4556 8115
2
3323 6307
71 1460
2
2897 8029
2268 3055
2
8040 8621
4164 9155
2
1847 2618
3608 9045
2
3463 5334
1848 6533
2
2549 4920
3409 8539
2
85 1438
4004 6507
2
263 5892
717 799
2
2446 9995
4163 6143
2
4425 4522
344 523
2
509 7712
4189 4829
2
853 9870
2513 3721
2
8642 9171
853 4109
2
2513 5417
5672 9275
2
1667 5284
114 4705
2
1125 6932
6757 9749
2
3315 7304
2010 7411
2
3083 3865
421 814
2
4641 4786
754 1849
2
3153 3304
518 3075
2
491 2493
194 5623
2
3495 5392
7881 8671
2
2598 2927
3140 9261
2
3284 3819
3601 7801
2
3718 5197
347 6810
2
1379 4217
143 4432
2
1482 4181
97 716
2
8537 8808
7346 8215
2
1863 2486
1309 2481
2
1151 2676
7124 8965
2
26 35
1146 6407
2
1303 4306
2179 2671
2
3778 8745
1247 7124
2
429 8704
1984 6305
2
5397 6404
2276 5957
2
2043 5017
2071 8865
2
925 1434
569 5245
2
3347 5190
2831 4043
2
505 6594
973 3389
2
23 34
3444 8531
2
507 3034
9133 9371
2
2242 4431
3123 9823
2
421 1892
1306 5189
2
1489 6266
1658 5263
2
1459 3604
107 6491
2
1601 7147
1352 5071
2
7277 7749
2693 9566
2
5659 8872
1202 1241
2
365 4312
1460 2549
2
3864 9833
2148 6821
2
3047 5052
4464 8695
2
8779 8895
1712 8351
2
601 7844
5637 6997
2
3973 8478
5982 9203
2
479 3078
9535 9827
2
3834 4955
5577 7208
2
6513 7180
4859 4879
2
3923 7770
1716 6151
2
2161 2319
303 3170
2
3541 4553
4481 5664
2
469 6709
1659 7874
2
1675 1989
5081 6707
2
37 3850
685 1509
2
264 4181
1061 4580
2
1969 8477
1951 6252
2
997 8958
8011 8173
2
1131 2642
1270 1299
2
5449 9092
353 683
2
2143 2829
4667 7450
2
3662 4249
6274 9019
2
4501 5690
3411 6847
2
4609 5954
444 6125
2
4580 7329
1544 5443
2
3113 5653
673 904
2
2417 4699
352 7803
2
2655 3722
1230 2327
2
19 4326
2728 5471
2
2673 3617
3019 9842
2
5861 6618
428 2141
2
1169 4268
1606 8161
2
859 8466
354 1055
2
4099 6559
2332 9939
2
4903 5079
1177 4907
2
1360 5757
807 3280
2
307 426
1578 3817
2
2057 5260
1121 6467
2
982 4099
1431 3743
2
7903 8020
369 7021
2
2369 8669
446 1617
2
42 167
485 6288
2
3209 6953
1607 1699
2
294 1763
8007 9448
2
2359 5479
110 8401
2
297 8870
1559 1677
2
597 4870
3743 5427
2
2039 3942
4132 5863
2
4151 5350
3559 4001
2
913 2767
1714 3829
2
5466 9487
559 1012
2
4572 7007
805 1362
2
6029 7377
4981 5158
2
1842 3961
3089 6986
2
7465 7712
3878 8207
2
6517 9551
6844 7243
2
905 8802
2819 8507
2
129 161
2966 3569
2
819 1312
33 49
2
3041 3729
145 349
2
277 324
1435 3763
2
791 2647
689 5364
2
7751 9438
1440 7559
2
2563 6195
5755 9386
2
547 813
2611 8048
2
1369 1572
351 6847
2
1721 1839
5553 6634
2
2867 2978
375 4951
2
4679 7020
2286 5257
2
4743 7450
4967 5591
2
105 368
4980 5233
2
2567 7380
8133 9581
2
2830 8787
453 9196
2
4904 9023
470 673
2
1475 9432
3098 8209
2
3573 9461
4621 9133
2
2249 3136
1739 3603
2
9 4810
1601 9807
2
1169 1224
1596 3359
2
1901 8241
4969 6622
2
7397 9616
432 7423
2
859 3815
1569 7289
2
7130 8031
153 191
2
3098 5779
2134 3545
2
347 5912
2577 7961
2
2165 8598
2942 9923
2
8123 8306
845 4053
2
682 1981
859 5910
2
5381 7722
9325 9881
2
1913 4334
3616 8353
2
2911 7887
4161 9107
2
156 3689
7142 9705
2
4 7
2899 8058
2
5208 8395
79 107
2
5689 7849
985 1953
2
524 885
6306 7693
2
1469 3122
5213 8019
2
2150 5923
703 5466
2
3431 4023
2324 6155
2
874 2411
3126 3221
2
5683 6856
7182 9409
2
2153 4529
13 2784
2
1661 4922
1812 6275
2
5818 6699
5437 8000
2
3041 8932
6376 6883
2
433 696
4248 4273
2
397 1008
6897 7633
2
2639 5094
27 403
2
2341 8092
109 3525
2
2009 4748
8368 9787
2
4957 5245
1175 1264
2
1088 6973
383 2353
2
1691 2974
492 3791
2
4363 8493
4033 6248
2
5358 6785
961 7867
2
229 262
4705 5743
2
5051 8640
2754 4409
2
4865 7496
872 7863
2
131 1195
4997 6096
2
129 341
2369 6334
2
1321 1324
2441 7761
2
182 201
1895 4126
2
1273 2492
1297 1719
2
2950 3657
966 1279
2
2841 8008
1222 6471
2
1159 2059
1297 2157
2
1563 8326
746 5397
2
1816 3023
63 292
2
3939 4328
7878 9577
2
47 123
96 6143
2
1505 2948
3508 7149
2
4985 6214
1652 2577
2
85 1962
1438 3085
2
439 4718
2532 6067
2
3673 8007
2643 2831
2
5521 8608
649 3087
2
1046 4869
1977 3499
2
6937 9700
1915 2627
2
863 4288
3806 6681
2
2443 2762
2063 8749
2
7855 7974
1147 2941
2
704 771
5389 9203
2
1195 1224
2932 7781
2
7459 8416
263 1285
2
49 5144
3154 8883
2
2799 7039
3879 9934
2
4391 7939
1081 7970
2
891 1220
1961 3289
2
2107 5023
8681 9230
2
441 646
6032 9629
2
1651 8968
34 353
2
3415 8119
7388 8321
2
4082 6237
4694 4877
2
553 988
224 4665
2
503 3538
2797 7889
2
1501 4657
1425 2057
2
2773 6040
4792 5267
2
1562 8677
1263 2618
2
1853 5393
911 1037
2
277 1176
333 589
2
1369 8271
9 3463
2
2315 5738
4399 5467
2
629 1188
424 1303
2
2783 5010
584 2639
2
1324 1473
1341 2794
2
431 3185
3569 7412
2
8596 9855
198 221
2
5989 9594
2308 4021
2
265 4046
1610 2619
2
2564 6485
3265 9637
2
327 2951
1810 9953
2
1882 3665
228 443
2
6904 7295
3157 6018
2
207 971
814 4435
2
65 3804
743 1385
2
2571 5038
1834 2157
2
1538 3369
427 9875
2
1107 2144
146 791
2
6381 8125
8086 9393
2
31 1932
2548 2981
2
5359 7651
6075 8308
2
1891 9090
2478 3701
2
3131 9118
1028 1197
2
3291 9860
3018 5959
2
431 2893
229 1812
2
1875 9779
491 3462
2
156 2705
649 786
2
688 8249
556 6891
2
4894 9139
1513 2570
2
8145 9953
2211 4988
2
3021 6134
852 9967
2
1149 9386
1786 6419
2
889 7862
2997 8371
2
3277 7550
2170 2607
2
1847 2607
127 160
2
4927 6132
7110 8501
2
447 3106
837 3833
2
64 2019
465 4109
2
1326 1825
2131 4418
2
704 5359
3139 4290
2
2953 3749
463 8386
2
2635 5047
4971 9976
2
614 825
102 431
2
2947 3359
520 1231
2
1393 3425
257 733
2
1036 2599
7675 7693
2
1073 8359
1221 3659
2
964 2041
983 3096
2
111 679
4735 5688
2
557 678
1612 4759
2
985 3243
2494 6719
2
1839 4117
22 1775
2
743 1412
4078 8495
2
579 707
1454 9837
2
3108 8047
565 852
2
121 402
228 8155
2
1627 3192
6076 7475
2
2211 2635
778 3083
2
3227 6129
3601 4018
2
3392 9569
6112 6977
2
4763 6606
1658 2221
2
819 2042
323 1423
2
3829 4154
620 2391
2
152 443
2958 3643
2
271 2557
3406 5205
2
2379 3113
151 432
2
4708 6387
1563 2426
2
473 834
5961 8245
2
1325 2736
130 7907
2
329 2063
426 5069
2
1140 4631
3212 7861
2
2681 8684
1922 2175
2
4817 5320
1537 5071
2
1609 8894
370 393
2
97 154
1282 7575
2
1387 6396
7995 8261
2
8567 9174
3312 3535
2
2127 4666
1591 1847
2
1836 2869
1462 4005
2
6409 9007
1175 2216
2
1523 2238
2451 5053
2
702 7999
943 2082
2
620 1301
5483 8207
2
973 8714
229 2145
2
4295 6901
809 1458
2
2557 3309
67 386
2
301 5896
1755 3571
2
1577 2529
6391 9260
2
1075 3634
145 321
2
2194 9377
3311 4491
2
1527 5411
197 7591
2
2239 2689
107 115
2
1261 1687
487 4356
2
2614 5101
1368 9233
2
4720 7631
207 6934
2
1019 6181
1439 1795
2
4469 5824
385 4113
2
3175 7868
574 5681
2
1235 2631
527 599
2
1455 6532
4225 5043
2
497 9312
6204 6953
2
7031 7495
3299 4951
2
6939 7706
4395 9481
2
2901 6343
3429 5816
2
7682 7755
7907 9634
2
910 2343
104 2279
2
1127 8846
1731 3523
2
489 5885
637 3061
2
1601 1644
2983 6401
2
1063 7118
78 3287
2
355 1768
2095 3407
2
421 1340
1854 2719
2
6529 6981
251 5275
2
6127 7140
108 751
2
6504 8627
2409 3001
2
1919 5733
3959 6494
2
8359 9415
1061 7166
2
4957 5631
2947 9974
2
1203 5633
530 729
2
2939 8195
3839 5036
2
3248 8665
213 1856
2
1454 2159
1147 4026
2
3630 5129
3199 5153
2
931 5442
4839 5449
2
1355 4526
7466 7605
2
115 142
2656 3921
2
1583 4156
1721 2137
2
29 7124
4192 5875
2
6560 7411
245 9668
2
1033 6898
3412 5749
2
1019 2286
3189 4301
2
1313 9367
6188 8649
2
7903 8201
4985 6522
2
157 937
1513 4773
2
3549 5095
3737 6721
2
5195 5989
1435 1983
2
4761 4940
2922 5159
2
3901 6618
338 8003
2
511 1107
6077 8821
2
2855 4164
1090 7937
2
1880 6339
3061 3283
2
2362 6039
4335 5564
2
6556 8099
927 1150
2
3181 4737
1219 4016
2
1642 1941
4379 8942
2
4437 6217
2067 7628
2
3061 5007
3449 3782
2
3084 8155
6235 8971
2
2869 9372
3305 6307
2
1790 5711
6031 7005
2
919 4924
7472 8069
2
9031 9268
3557 7289
2
1565 4104
3967 9641
2
1449 2473
1231 5468
2
22 61
4961 5408
2
1047 1721
2953 4509
2
1357 3281
617 672
2
2791 9872
1362 3161
2
6381 8332
902 1119
2
1943 2812
1154 2991
2
853 5187
3847 4519
2
7906 8669
1807 3158
2
89 332
2511 3881
2
7117 8112
866 2563
2
1069 4535
3359 3506
2
569 7874
1174 9055
2
2164 4501
2293 2490
2
8913 9217
3193 9879
2
4658 8459
5054 9549
2
618 8141
1571 2031
2
445 543
8849 9988
2
7713 8636
7135 8053
2
712 9941
2842 6483
2
1183 1206
783 1135
2
6809 7569
2824 2893
2
3656 6353
8781 9290
2
3301 7370
269 1181
2
5211 8867
2235 3824
2
5391 8752
5051 9877
2
5245 5763
949 4045
2
4029 6412
3236 5799
2
1459 8354
457 2495
2
6940 9817
2733 8315
2
746 5585
2873 3136
2
4639 6018
2023 3919
2
1223 2528
214 5865
2
283 1738
1246 1355
2
1791 5257
8909 9894
2
3384 8149
631 1023
2
587 593
1333 2030
2
1835 4558
213 701
2
1999 9444
287 9203
2
3939 4910
589 803
2
941 1105
4995 9868
2
1233 4075
3475 4391
2
919 3855
5370 7673
2
1142 6793
3221 3648
2
7297 7350
5903 8437
2
2135 3348
1489 9425
2
2443 4195
4997 5101
2
1343 3310
3232 3403
2
8269 9683
929 1751
2
1223 7712
8810 9211
2
8317 8397
1406 6793
2
1625 9873
491 1760
