1000
1
1 2
1
2 3
1
3 4
1
3 5
1
1 6
1
4 7
1
5 8
1
7 9
1
7 10
1
1 11
1
1 12
1
10 13
1
3 14
1
13 15
1
13 16
1
7 17
1
17 18
1
9 19
1
9 20
1
10 21
1
1 22
1
2 23
1
5 24
1
1 25
1
19 26
1
13 27
1
19 28
1
20 29
1
23 30
1
26 31
1
3 32
1
8 33
1
21 34
1
29 35
1
25 36
1
10 37
1
15 38
1
10 39
1
19 40
1
34 41
1
1 42
1
15 43
1
23 44
1
32 45
1
43 46
1
34 47
1
29 48
1
24 49
1
43 50
1
10 51
1
19 52
1
18 53
1
53 54
1
38 55
1
39 56
1
10 57
1
45 58
1
48 59
1
41 60
1
35 61
1
47 62
1
25 63
1
37 64
1
38 65
1
23 66
1
55 67
1
45 68
1
68 69
1
3 70
1
63 71
1
23 72
1
36 73
1
15 74
1
17 75
1
61 76
1
24 77
1
29 78
1
71 79
1
9 80
1
2 81
1
63 82
1
38 83
1
31 84
1
56 85
1
13 86
1
47 87
1
35 88
1
33 89
1
61 90
1
55 91
1
65 92
1
49 93
1
3 94
1
82 95
1
13 96
1
71 97
1
43 98
1
68 99
1
93 100
1
75 101
2
603 1570
806 1137
2
2065 8987
2723 4120
2
247 1914
1510 4249
2
5237 7285
2055 2776
2
301 520
32 397
2
7 1683
1530 8497
2
249 3872
596 2137
2
1177 6538
2026 9141
2
1213 1994
2477 4249
2
1053 3400
106 639
2
87 554
2600 9939
2
257 318
2479 4291
2
2099 3634
4094 4309
2
32 2203
407 1301
2
2683 9444
151 511
2
4751 5484
1000 9407
2
197 3097
1133 2652
2
437 1106
169 755
2
83 2766
3888 4295
2
51 887
67 9398
2
388 1011
1534 2413
2
979 3969
207 1121
2
527 3510
2059 5443
2
3475 6204
5020 8341
2
5613 6490
2368 9183
2
2287 9418
3421 3463
2
6681 7790
1369 3749
2
1089 7868
540 1157
2
697 5477
1661 8370
2
3309 5837
383 1970
2
2096 3903
2237 2948
2
605 6602
4072 7381
2
821 976
8564 9149
2
2613 4267
1265 2386
2
977 2412
1541 5201
2
231 547
635 2553
2
4074 4255
888 4579
2
1988 2323
3943 6888
2
1753 4610
8221 9821
2
779 1950
5486 8071
2
2361 8120
1338 1417
2
1274 3561
6159 6790
2
1181 1554
6955 7577
2
1193 1485
2523 2534
2
3286 3679
1976 5241
2
4912 8331
2478 2707
2
1138 3521
423 6368
2
4449 7106
1358 3713
2
322 2417
729 7415
2
1152 6037
5462 9027
2
6571 6585
4899 9113
2
1453 5507
3877 5965
2
6562 9667
2023 2221
2
4542 6577
5471 6255
2
5119 8790
2565 8701
2
4759 7074
5851 5963
2
1125 1547
3989 4187
2
1357 5103
1386 9685
2
7442 7851
169 466
2
23 118
383 849
2
6221 6539
95 128
2
947 6120
327 461
2
1835 2973
2194 8737
2
3459 4444
1997 8407
2
779 1236
631 779
2
416 4089
5241 5954
2
3048 4415
6103 8274
2
753 2488
17 585
2
3358 7265
685 1881
2
2195 5363
6599 7334
2
4846 8659
6177 6955
2
890 9509
1229 5286
2
717 1109
785 1863
2
6835 7488
360 2533
2
713 3236
493 9769
2
6437 8451
52 901
2
313 449
1733 1829
2
6193 7772
2420 3343
2
1559 6624
193 583
2
2026 3879
4121 8161
2
1407 2138
3960 6577
2
2939 5555
2905 9894
2
3253 5766
1898 4483
2
78 523
3831 8756
2
75 136
1676 9891
2
61 1437
405 1453
2
3 146
295 6661
2
3139 9166
2569 4213
2
1351 7321
2488 7905
2
8959 9372
66 161
2
797 1284
4689 6091
2
1301 3190
46 49
2
57 101
335 1854
2
3487 7024
124 5817
2
1639 5745
4009 6658
2
1037 1721
1807 9016
2
6872 8591
2950 8551
2
5228 8803
1982 4725
2
4751 9027
5035 8393
2
850 5351
4126 8395
2
3868 4227
2839 4745
2
183 2488
1596 3791
2
1292 3639
269 2648
2
4043 5146
5438 8703
2
5575 7332
1564 4769
2
217 2372
3435 5779
2
3003 3044
1617 3287
2
3095 4998
4007 4345
2
1698 7871
821 3088
2
1849 3424
3816 4553
2
1111 2855
873 3988
2
1135 5152
1056 1469
2
3431 4518
1038 9827
2
5099 5439
607 1045
2
500 831
4167 9158
2
981 2198
2204 5769
2
869 1746
4700 5993
2
1801 8737
5191 7672
2
5657 6087
973 2630
2
1769 9684
130 5519
2
1557 4490
506 559
2
7879 9100
1230 6673
2
4588 5905
7843 8394
2
5121 7453
982 5489
2
1013 9148
713 6935
2
4213 7984
7364 7387
2
7243 7414
119 1291
2
1546 2861
2249 4538
2
4073 4792
1121 4419
2
4332 7685
2283 8173
2
4003 6974
1569 2471
2
4031 8604
1353 5461
2
1107 8423
395 1233
2
83 261
1510 4741
2
397 1230
2876 6773
2
3193 5497
2222 3253
2
2251 7254
3494 7931
2
2372 8183
3187 5097
2
1827 5780
3 1127
2
3981 9251
3635 4332
2
1205 1282
3851 6235
2
2912 3951
5065 9733
2
3388 3855
3334 5183
2
1091 2008
2316 5585
2
1190 2649
5798 9455
2
1051 2205
1445 2306
2
1189 6951
1147 3370
2
89 8396
967 1157
2
2541 4672
807 1405
2
52 277
4742 5275
2
4169 5219
5723 8049
2
580 5691
7231 7337
2
3431 4061
1363 4994
2
1637 2680
2023 6161
2
5947 5967
807 8137
2
404 1377
3830 8539
2
2229 3668
128 3347
2
268 753
2471 5321
2
277 597
1974 2503
2
1081 5418
425 1691
2
1988 2277
2979 4678
2
2147 3216
1054 6505
2
2410 7347
5849 7207
2
427 9040
2777 4013
2
8099 8634
2032 4249
2
2191 4253
3238 7655
2
6113 7886
112 183
2
1038 3575
113 5144
2
421 5456
6686 8817
2
2725 6352
114 1319
2
2996 8013
1369 4372
2
5 37
2191 3140
2
529 2304
205 1903
2
4063 4098
5930 6179
2
1852 4189
821 943
2
4785 5674
2033 2701
2
2192 4211
1343 1594
2
2363 2682
2912 4247
2
1763 6462
4693 8117
2
1754 2911
2836 4659
2
7555 8019
96 329
2
209 9942
3046 6541
2
1959 4222
487 6855
2
2173 5434
2092 3585
2
969 4577
849 2272
2
162 263
887 7163
2
5147 9501
2727 4246
2
3659 5637
255 7508
2
3155 8262
4603 8377
2
173 187
1005 1382
2
129 244
2198 8529
2
4754 8285
3218 4561
2
917 8791
1703 2410
2
1013 6230
2300 7489
2
1154 5313
8052 8909
2
2936 3553
208 1043
2
562 1009
1847 3870
2
4928 5461
6597 8443
2
845 2266
5150 7411
2
301 9232
2707 4005
2
3457 5756
1072 2871
2
6595 9216
3578 9457
2
3284 3361
7645 9872
2
813 4430
1160 7081
2
3102 8213
2589 3365
2
593 3114
2508 6397
2
1353 6940
944 6137
2
207 2275
6387 7708
2
4282 6909
22 3601
2
1927 3237
977 1288
2
1094 3115
1827 3107
2
6289 7271
1542 1691
2
3911 5862
4798 6457
2
4801 9976
2108 8491
2
5185 5471
2463 2620
2
2797 8092
6131 7415
2
1264 1321
1716 7303
2
5076 8777
49 5602
2
4592 6649
4957 6340
2
1271 3629
8202 8219
2
793 3430
3205 6341
2
2995 6621
2877 3110
2
1821 6436
4266 4579
2
2999 4104
3303 6635
2
4051 5475
6208 8377
2
2439 5093
631 3198
2
1891 6582
927 1151
2
3054 8485
2791 4644
2
365 429
913 1402
2
1154 1327
518 1525
2
333 1642
3897 7753
2
1058 1243
8873 9356
2
908 2061
1233 4670
2
531 1780
487 4811
2
1671 3248
1721 5091
2
1243 4779
123 1984
2
3823 8594
1478 4379
2
1247 8879
1417 9965
2
447 2960
4644 7357
2
1365 9244
3171 4573
2
559 9578
1242 7525
2
2283 4213
3587 4580
2
3657 5482
1702 7749
2
2281 7028
682 771
2
755 1424
8677 9237
2
1401 6874
505 4979
2
3535 5196
5975 7213
2
535 7238
3148 8391
2
250 6621
27 1547
2
8099 9883
986 9323
2
4811 9219
1402 4625
2
159 1262
389 1015
2
173 212
682 5033
2
1262 2873
2693 5628
2
1052 2163
1147 5023
2
3823 5716
2308 7919
2
1084 6839
2498 3369
2
1087 2128
32 4281
2
674 1193
2005 2268
2
2353 3699
261 386
2
3635 8169
4441 5198
2
3037 6780
1153 3821
2
3160 6613
293 2820
2
903 2278
1964 2225
2
4127 5246
239 5625
2
2371 4810
223 309
2
1843 4053
7355 8674
2
1001 8056
194 1225
2
3398 9039
3837 5278
2
229 9508
4232 9651
2
3509 4122
2493 9221
2
4833 8942
329 6107
2
1925 8922
3976 4567
2
4399 8366
852 935
2
933 1066
2876 8195
2
1985 3831
463 532
2
1613 3962
5908 7311
2
1231 6333
1399 9805
2
3155 5566
3979 9971
2
1715 3022
166 2455
2
1919 3599
1512 6271
2
139 4989
443 8186
2
358 2201
3111 3335
2
241 2004
6134 8237
2
5239 7261
1849 5193
2
2564 4569
8677 9452
2
311 3005
205 2751
2
1495 2394
754 2269
2
2723 5429
151 2805
2
3695 5843
4672 7235
2
2249 9586
951 6529
2
2431 3375
3301 4063
2
852 1729
4963 8124
2
815 6861
224 271
2
560 4183
3641 6311
2
362 4399
1358 2059
2
729 1427
47 2676
2
1221 2092
769 969
2
5703 7697
319 2016
2
6599 8710
1483 2231
2
6055 9403
5691 6878
2
787 1130
1556 3333
2
19 5692
1885 7021
2
1207 4418
8 4255
2
33 3050
3303 9109
2
7943 8825
2339 2463
2
348 6491
8458 8593
2
6485 8523
1267 6235
2
1913 7799
3227 8376
2
3967 7884
286 395
2
193 463
385 7289
2
2992 4039
133 138
2
2048 3169
3347 7606
2
2021 5364
3621 4957
2
59 1683
821 1493
2
1694 4715
991 3102
2
2077 3232
63 131
2
2867 6560
1741 2319
2
1640 4791
943 1361
2
1317 2168
8667 9479
2
6859 9640
6364 8591
2
5019 7435
192 319
2
5293 5590
752 2253
2
2596 9321
1642 2263
2
2533 5936
1081 1241
2
823 1915
8837 8954
2
6731 9238
1165 3119
2
919 4029
1373 3745
2
5773 8002
964 1363
2
2417 6249
807 5888
2
817 1095
124 4901
2
1103 4708
1300 1421
2
2273 6532
605 8621
2
2333 4932
1480 2261
2
8406 8785
175 1137
2
4111 8130
3011 6697
2
965 1994
779 3357
2
2239 5437
566 1081
2
2351 9952
14 1053
2
1156 1335
2472 8423
2
2893 9924
2948 4859
2
867 4351
945 3721
2
685 854
79 1415
2
778 9681
701 8938
2
2655 4342
615 5353
2
1835 6346
3406 4913
2
6049 8944
8411 8547
2
188 585
615 2333
2
7303 9835
5478 7531
2
673 9160
2013 5117
2
3501 4915
335 4721
2
5844 9251
4504 9363
2
5501 6192
5527 9317
2
3683 7074
2133 7421
2
3307 8197
1301 4426
2
2941 6449
3069 8755
2
9281 9320
773 2601
2
3379 9178
5 4449
2
1229 1396
140 9797
2
877 2074
1913 3069
2
1499 6468
249 3803
2
2693 6199
2277 7654
2
3221 8177
347 2865
2
319 354
43 367
2
1309 1548
223 353
2
376 4135
155 1883
2
3911 4214
770 4467
2
261 676
2329 8555
2
3497 5480
4708 9439
2
1161 3386
1858 4095
2
537 2309
5690 9191
2
1409 4899
174 3295
2
1083 1381
5219 5492
2
4212 4865
1135 5122
2
2741 3229
3102 8447
2
129 140
563 3933
2
444 445
714 4747
2
813 4765
3787 4467
2
1051 3169
2711 3820
2
6655 7542
4757 7021
2
1461 8123
1805 2788
2
2647 6594
4786 6073
2
1069 8396
3763 5229
2
2977 3075
5061 8887
2
548 705
5081 8546
2
5459 8852
6316 7189
2
307 8172
4490 9491
2
314 565
3075 9424
2
4992 5381
113 926
2
3537 6902
144 473
2
918 5845
1983 6989
2
794 1433
3751 9169
2
434 1789
1709 3246
2
4927 5088
3576 8695
2
13 2263
3415 4084
2
3037 5525
4528 9493
2
2304 2425
5 752
2
3541 9638
5543 6345
2
1091 1740
4834 6019
2
5603 6913
1564 2949
2
1213 8716
4778 6075
2
1669 7112
1543 5219
2
1137 1616
409 1531
2
47 1289
5325 7858
2
563 6851
33 235
2
3203 3954
4502 5081
2
3176 6399
1128 5579
2
6199 6950
2141 4393
2
2007 6202
308 7207
2
37 8074
6599 7423
2
4503 8411
3523 4571
2
2287 3460
10 183
2
3833 7882
4219 5115
2
5149 9987
1033 1793
2
5177 7932
109 8639
2
2237 9186
1929 4171
2
1342 5575
1363 1872
2
3207 4427
1350 2813
2
1387 1997
349 2438
2
1609 5194
3865 4637
2
4136 9135
171 277
2
1291 1630
3076 4767
2
9769 9907
1511 3434
2
168 1223
3926 4997
2
7091 8375
2412 2741
2
2009 6137
3403 5091
2
3827 4719
283 1180
2
4537 5861
395 3624
2
1133 2440
637 4307
2
2621 2974
1046 1579
2
1183 2026
3206 4311
2
9083 9512
3344 9621
2
1597 4203
2319 3979
2
677 9027
8615 9028
2
13 470
5718 9107
2
5562 8167
7064 7181
2
1325 4398
37 7715
2
4811 5470
5387 8397
2
7238 8185
145 4758
2
1659 1724
481 9981
2
2107 5090
1765 3711
2
389 432
6054 7637
2
457 7004
4738 5541
2
4801 5316
130 293
2
2168 3043
548 1283
2
7741 9190
4825 9239
2
1849 5989
7649 9984
2
791 5009
106 3649
2
125 1032
5562 6067
2
640 1311
459 9832
2
4959 7379
2989 8220
2
1831 4641
63 2654
2
938 7125
12 2303
2
2889 9850
774 8267
2
4911 5965
2637 9817
2
4185 4208
566 8905
2
233 304
4451 5003
2
6199 7698
1073 2831
2
1872 7399
3965 9824
2
6895 7212
833 2183
2
4013 7638
5458 8843
2
1570 1703
2533 4900
2
157 7685
57 67
2
793 1441
785 4526
2
5393 6474
4757 6469
2
1231 6258
40 2567
2
679 2679
2718 2905
2
681 8212
3242 8783
2
2051 9140
919 7963
2
2452 6255
4508 8489
2
1406 5481
181 5284
2
289 1180
2974 9233
2
166 741
6549 8074
2
1597 1835
450 1211
2
2009 9347
1277 8586
2
2963 4438
8076 8209
2
2143 7656
430 8177
2
5191 9380
2041 2539
2
2888 6661
44 2213
2
2387 4989
325 367
2
3939 4039
577 2235
2
17 2236
343 1185
2
243 3638
732 8851
2
2173 2974
6586 6983
2
883 1030
5627 8379
2
1624 1825
1877 3832
2
5137 6769
2741 4838
2
391 538
452 4267
2
1461 1465
1779 4868
2
895 1511
66 241
2
1439 3966
516 6583
2
569 1529
1831 3712
2
1087 7848
544 8155
2
3211 3366
1314 8029
2
6557 6867
777 4700
2
409 2108
468 8497
2
159 362
90 193
2
4789 8712
4654 7405
2
1449 6386
615 4753
2
5419 6134
5545 6291
2
2202 9833
733 5774
2
3721 5252
235 877
2
6509 7761
3383 9134
2
2906 4535
4121 5579
2
9669 9728
4419 6187
2
7729 8710
3201 8573
2
5257 8692
1998 3017
2
625 8034
1011 1285
2
1861 7890
330 2987
2
5933 6831
5273 9164
2
1661 2082
3962 9179
2
91 1965
43 5738
2
3669 6818
1357 5431
2
243 4295
2009 2332
2
463 5110
858 6689
2
5159 6522
1685 4043
2
2977 7675
1979 9408
2
4305 4819
5162 6599
2
4471 4984
255 823
2
4984 7361
1333 2430
2
906 1325
970 1779
2
3818 7347
409 4478
2
1387 3798
7212 9007
2
603 2072
343 8243
2
5525 7806
573 931
2
5124 8893
209 1608
2
726 8707
591 8530
2
825 8548
1739 4367
2
4687 5071
38 393
2
9388 9993
903 6596
2
3881 5118
1268 2945
2
329 614
852 3271
2
182 1479
3805 4348
2
501 5024
3146 5077
2
3195 8024
215 2323
2
3 376
856 8421
2
1721 3986
82 5057
2
1793 2624
4766 9273
2
1583 7431
6890 8101
2
3101 9906
429 5167
2
783 916
2224 3229
2
206 1265
5123 8858
2
811 5245
3088 5253
2
4015 7729
811 2309
2
3133 9359
7215 8252
2
1001 2424
3909 4651
2
43 60
226 257
2
4564 6007
1031 7958
2
379 2198
1138 1599
2
145 171
1927 4022
2
5347 7852
5165 6031
2
289 2858
4033 4785
2
5802 8041
460 787
2
6781 8728
679 751
2
363 778
3883 5755
2
2230 3909
963 7576
2
423 2528
2083 2169
2
198 263
334 3361
2
637 4574
1450 3117
2
3537 4858
1492 3303
2
202 219
341 1348
2
278 2907
3177 5039
2
5578 8029
314 405
2
5339 6129
7496 7915
2
6197 6230
3720 4169
2
1703 9886
781 2509
2
3481 4686
2441 8095
2
2619 3562
4990 7141
2
3041 6402
3455 4193
2
3114 7163
83 248
2
71 7334
1308 3835
2
2039 3970
4553 9771
2
953 9519
3768 8993
2
5353 6516
2262 5779
2
349 370
1111 2347
2
1939 9438
49 289
2
865 5284
4567 7179
2
357 4636
6976 7041
2
5467 8196
945 1499
2
5439 8105
1601 2516
2
739 3882
272 667
2
563 1247
1528 2081
2
2676 5399
429 1498
2
4085 7446
8406 8851
2
2283 2287
313 5156
2
2199 8738
235 3097
2
2771 3982
34 975
2
2539 9200
207 2803
2
5181 8648
1036 1077
2
1636 9347
1 6546
2
556 1395
2364 5801
2
328 1949
643 696
2
65 776
8982 9793
2
2660 3769
4775 7326
2
2776 5971
7889 8084
2
548 2959
362 1277
2
5664 7471
4826 9667
2
5799 8333
761 835
2
37 42
4228 9761
2
2253 9100
5398 6437
2
5399 6501
546 7349
2
2109 9224
54 5443
2
32 155
235 1139
2
23 520
1625 1769
2
8315 9622
1303 6693
2
3331 6930
2442 3539
2
4221 5078
1028 2027
2
7 729
953 7241
2
289 6980
3915 5161
2
167 187
2749 5360
2
1195 1358
2698 4629
2
2381 2926
440 3387
2
211 680
415 8693
2
4724 7899
8522 9937
2
2849 3845
6569 9738
2
556 1469
188 785
2
6443 7029
648 1061
2
941 4339
347 937
2
491 1799
88 309
2
2159 3198
627 1415
2
3547 7813
983 6354
2
1039 1070
542 5593
2
4465 9301
6875 7767
2
1184 5651
1739 2251
2
3 50
2125 6727
2
1823 8273
1017 5201
2
715 9211
435 482
2
5421 8503
299 5402
2
3548 8145
323 344
2
65 6216
1730 9431
2
1959 3140
709 4027
2
2829 3761
5442 7181
2
1513 8295
4889 5083
2
7673 9965
1691 2832
2
634 1023
148 2837
2
6035 7392
7976 9557
2
436 2113
1724 2493
2
571 1305
3544 6337
2
213 556
299 7323
2
4403 7016
1353 2833
2
44 975
2063 2677
2
2866 7063
2089 6681
2
47 203
626 759
2
386 1459
1669 5534
2
515 856
2542 3401
2
11 1052
580 4171
2
2355 3328
1858 2871
2
2097 8968
2636 3221
2
2509 3566
470 8031
2
3972 6295
83 147
2
1537 5229
2749 4324
2
575 2174
1238 7427
2
6365 7326
5991 8813
2
1678 2625
257 1948
2
109 1839
2369 8476
2
887 1254
430 3901
2
563 899
2846 5867
2
1597 2258
1438 8917
2
317 414
5305 5737
2
1637 7824
1686 4729
2
4123 5910
1696 2257
2
1423 4053
2167 9893
2
3241 7866
956 2899
2
4133 9848
2974 6813
2
187 3508
814 3605
2
869 1780
93 9463
2
1139 5271
2421 8947
2
2377 3175
1342 6541
2
7049 9839
5834 6981
2
156 437
53 3666
2
3701 8690
262 1537
2
58 8249
983 3527
2
185 632
1267 3609
2
3011 7584
154 1283
2
2869 6927
9 3415
2
1705 1841
5002 9325
2
1231 2258
6741 8965
2
697 9480
104 349
2
5161 9049
1715 2014
2
1747 1988
2896 4875
2
151 1828
5276 7423
2
2022 4577
1513 7641
2
1666 9421
2700 3011
2
1886 5885
1279 6653
2
6302 6563
874 1665
2
213 5330
3698 9231
2
408 1469
6753 7096
2
1352 4733
6701 8616
2
3702 4949
3113 3974
2
1061 1550
1336 1459
2
625 5844
1557 2047
2
4525 7047
4337 5404
2
1675 6428
2519 5295
2
2226 8417
2285 3118
2
3746 9377
2255 7974
2
893 3862
4937 5399
2
316 817
7645 9642
2
4564 8073
37 113
2
3027 9502
581 1483
2
2106 3097
1319 1656
2
1498 2221
2203 3239
2
1281 3890
874 1437
2
342 2539
547 8650
2
2402 2693
3198 5197
2
567 920
3304 4289
2
263 8644
2146 4533
2
5699 9554
2376 3031
2
1935 3208
5385 8269
2
11 16
2234 3427
2
4053 7349
3152 9801
2
2128 2867
479 816
2
623 6542
92 1617
2
241 9718
743 2645
2
5531 7433
185 234
2
6613 6862
656 2037
2
2921 4176
8443 8539
2
4248 7871
786 7555
2
5728 5887
4937 6743
2
699 2200
5194 8347
2
671 8022
1414 5639
2
4053 7382
1885 2479
2
5672 9091
8209 8272
2
3033 7895
66 3497
2
3953 4438
489 1453
2
17 804
611 3299
2
881 4002
3525 4253
2
2299 9335
235 9429
2
4045 7896
5725 7873
2
5759 6216
1819 4813
2
29 39
3510 5633
2
287 3494
5657 7583
2
192 1537
3901 7531
2
3016 3677
5084 5575
2
4405 5817
4399 4645
2
1579 3843
73 7046
2
4771 8250
6333 8189
2
64 693
2217 7066
2
1523 3250
776 1759
2
3913 7655
198 8287
2
8910 8971
3866 5473
2
1126 3009
3960 6509
2
4923 8249
3700 4927
2
317 2864
3043 4825
2
5723 8978
1269 9163
2
1655 2573
7051 7939
2
1703 8068
954 3041
2
407 3078
3362 3929
2
919 1899
107 286
2
523 3957
699 2144
2
557 7212
3726 8435
2
853 3175
1221 3254
2
4219 5484
782 1085
2
1579 4982
1248 6359
2
2489 5235
129 2672
2
931 1310
2195 7171
2
1648 7101
2361 2437
2
3454 3555
324 5783
2
5981 8418
3978 5971
2
2377 5706
819 2341
2
2353 2552
1917 3227
2
901 2497
629 9079
2
977 1304
1387 3687
2
4097 5230
434 4913
2
2383 2944
356 2065
2
2488 7599
3393 6892
2
17 320
1915 4281
2
9626 9777
697 3262
2
618 3739
1069 3060
2
223 978
1209 1247
2
2746 5927
7643 8934
2
7309 9368
684 1517
2
3294 6899
4712 5561
2
1003 1140
296 433
2
2336 2367
1142 3905
2
537 1138
2768 8631
2
1021 2057
1381 4698
2
4725 9913
133 443
2
173 2510
1756 8301
2
3453 9520
1702 2013
2
1174 1187
4145 7327
2
1481 2730
1298 5821
2
631 2050
2561 2601
2
1332 1783
6809 8916
2
2873 8280
3900 5903
2
1799 9672
1538 2695
2
353 558
800 3331
2
182 6655
41 8529
2
1907 4124
3046 5079
2
1759 2051
231 3008
2
2585 9699
1327 1330
2
3764 4983
1249 1840
2
1201 8932
5380 6771
2
1143 5371
61 266
2
711 4856
5640 8417
2
1622 6533
6502 8437
2
1279 1656
4992 7411
2
4745 5228
1790 4487
2
1397 1547
194 347
2
2878 4275
1985 3334
2
1909 4047
1337 1681
2
178 1845
127 2201
2
2315 4564
913 9641
2
1870 3357
6253 8804
2
607 9211
1791 8554
2
9333 9833
7497 9719
2
484 4443
8641 9148
2
1305 6946
98 389
2
1491 8878
3052 6345
2
389 580
7043 8649
2
1475 5816
57 2059
2
2048 2369
638 2879
2
1404 8321
1855 2736
2
2383 4450
4982 7193
2
8828 9265
403 1483
2
3113 3436
7025 8971
2
5339 6285
7237 9056
2
28 163
681 752
2
3209 4075
914 5763
2
3954 7253
93 9140
2
509 9808
5049 5861
2
916 3459
41 1580
2
1810 6591
2359 8587
2
1783 6090
2627 8003
2
593 610
799 2673
2
1913 4994
967 3033
2
731 6130
3280 8783
2
1648 1659
571 1879
2
2141 4456
602 611
2
223 2730
4751 5683
2
4637 8521
3194 4289
2
2381 5286
2459 6703
2
4301 5774
863 5581
2
2369 9942
832 3325
2
5851 6702
1711 9467
2
2397 6208
1003 2523
2
191 5053
239 1139
2
334 347
1096 9785
2
2521 3074
427 489
2
3391 5568
139 469
2
223 230
2707 4057
2
1097 5658
7417 9365
2
2771 3100
3778 5217
2
2167 6918
6584 8615
2
96 3847
7491 8930
2
317 747
226 5347
2
2831 7374
1595 4063
2
1329 4102
479 6267
2
7792 8695
779 2106
2
6118 6399
1923 7501
2
2617 7948
2032 5403
2
664 4933
2329 4327
2
11 540
831 5149
2
2111 9310
1220 6639
2
639 2012
1961 3291
2
815 1038
5212 5405
2
3740 7583
122 7875
2
820 1503
21 410
2
1251 3824
5978 9175
2
392 3141
753 1288
2
1772 2511
2139 3302
2
1619 1986
118 3449
2
809 2029
751 8438
2
2360 3957
797 3442
2
4098 8185
4457 6132
2
1474 9725
993 7108
2
7565 8307
1413 5854
2
1829 2174
2996 7253
2
3043 4812
3787 7145
2
194 639
3142 4583
2
2229 7214
551 857
2
5528 7887
4833 7877
2
2471 2482
4607 8397
2
8311 8673
530 533
2
2389 6573
2167 2908
2
271 5268
1389 2309
2
385 1692
6599 9509
2
5 639
321 2645
2
277 4152
2732 7687
2
8335 9911
2577 4952
2
1973 3446
65 561
2
3063 3328
2147 2871
2
698 9467
4525 9503
2
5 511
307 9294
2
811 5520
72 301
2
172 479
4999 7523
2
4597 7476
2745 8483
2
317 388
247 705
2
4983 8834
2529 3065
2
643 3708
989 1703
2
6862 7841
3839 8094
2
155 4329
1667 2858
2
593 8962
444 2095
2
673 2657
1111 5125
2
1681 3300
4298 6707
2
5447 6282
672 9269
2
7 795
360 557
2
2263 5728
2424 3151
2
149 950
1453 4173
2
1070 1529
259 3018
2
137 730
8197 9329
