100
153073587302113093
122936222976950562
873018380214397122
922608853436390254
568562369493335720
424697460572648163
736520663770035798
494548994190430265
282240993098245658
592163606037365402
677232433699072214
516868476481962178
969370896791652277
550601850215943938
227190780735128995
958316605508279692
986644464174597276
995672534759647616
549897647201075043
801276625129727119
292735130503158401
526372569058839176
816721107626119073
362214344519285551
656442386874441848
978930315426686303
647981401604810786
392280255940879886
501096715803672116
977348991137113378
721019734425931566
685279690281085802
897728275174787723
170138551902593143
108605152293879651
576101334353486720
421295099669270771
448652480304632011
409448945374423409
243791245353568905
923171270497057173
834607812378800369
470643538635081091
206563191707841476
787580619271689802
519535517413688690
805974555112402454
589479197552818466
245069389837244750
680738571632146328
627136014311890202
156827500786375892
743126021506844739
737668602168735214
530927558388209797
425786663903385925
936619435334751520
948678772062310567
751460266172678153
598106177358157581
339728847205500478
189688449821864075
101630942515021832
514347811262724520
569646979728715106
523406990451872044
830241917409928986
416681339065057444
868283608389583718
176078920146392289
207106058161123932
123111387292677002
572033936035207193
590503844643398381
667999241707759411
840740613087189620
979505430946674673
547039304161424168
725375309511397531
254813239595736108
672960981008893902
884787223805652868
205452135759177026
905063243866611600
393460474992195576
213168629965887487
116187884475651141
778916802767149431
390539891315376335
871129305143388556
399798524289235339
207608610886362787
613528728888541560
810248247852582234
504401102537208232
876426476902553106
562261321349759237
429750323031075917
134012407189378343
310194240830785147
