100
148270
253569
697829
120860
491408
608194
803056
227064
552802
848158
512962
811534
526154
361800
463048
395310
750190
588163
678912
279587
457974
458840
330483
448217
265747
328242
273594
547620
301427
854330
624989
980951
601974
479139
803276
362338
890688
335413
380501
531376
517743
927910
900674
300411
509819
185762
215679
457766
887875
880634
524834
353324
954237
847728
699974
906398
564019
199484
914609
545526
897056
509179
652043
378371
964509
711086
421660
737807
493250
387887
872221
207920
275291
708214
172321
487783
721323
692520
751854
152465
382529
338482
684129
459215
606081
522265
899382
587701
388095
598386
290242
945858
383484
333436
365827
460931
584878
464795
454336
897944
