100
2
4385422035250646919209537099306539173 8465862721637322965557276789983765839
1253525080399 3581685769356
2
3457071553429746626 4816534944628552617
6221996718837864971688434555613404408471574286727672267791943 55596889944714641571763973263858256715793931991516545858345921
9
25393315467688627103057940250447603201404018011486630568440 738582832368586258314634695789188744131842149251293474322672
3538 37287
24118571138221375969557866120860802060136640002716529657436919717162760203266421352124353337050 81153868298955551968954418999569625359685349859916335287638273779389438765499224938573336272387
1604730762887660644336983125111094423699489135882188172658770101566293809567566040642354766304 8945924126437854783968754589924886337718131635259499264686121157373149515484124366565574881329
1130962131960288 1495638381545932
1805356575521664807478402357766984012643866689316877440 8799882537229431371972767225775811149935386736248922855
294946177609124499751282647505961688775555046617874860672517653842040 371132155735444581233426543235261845581625412295734667643773987435632
3402122292949004380709341174343827989425235431253975519670441659739 5454317442597857934333121872732764125466328385284571235594651921811
684175193649653874814259205223598340763297442488893756572 686481522997779172732525246735485671322579459484323229457
10
151043761743184255888831957126881679421040195596010835009959981513932688612100308 743829155522193661799136591558866183571669696888342452613336516914785298527521543
42009678319405015726276747110194073212685012348443848692 82441298796664273318771744647143883884596564729942383998
27116289284023499842929316286 74556468545948452428194512552
81988980091718 369514443398744
587076436686129842310675473532 786585426874898175421951378986
3774519954463183014981491967518428150307838446 4415947271978756899883525111443528533481176328
23776228268582200209641777622800319812480999639299459607954707137575405326119690836474170395702900 8698553931798428726836148779988639975964227474698852618227642448466215793352527538219346391623461423
12091362578560021931072819584220214327168682741531315758429320 38448521385386495817758869724475673639483485732215293135929989
1982840460916333426552005278565546675386081730222429010051 7979596972717794233275384788564621893585315535379919123425
508644514598012318010601711722422082862811 772256665139513763649427259376367245636357
5
13645933445 19411531376
529111863 777188454
413865303742005 681625852772168
206695027226607523960617705774092433624540088253315419211909447838203874844323 322596435896366169491299662542734697976827776135615772644793552263477843299361
359195289568209188434554 415811482261911591817743
5
34821071394357309993976353367467061420845687912958845618208337325236155052193843430646 64122462719372952826946293842372632114151224985841933642893594833837135485173798353746
906607283503849089542 6338184991969396383462
3257731173430257768736652769405586453694361154910954 4129918651874739437259243451935443515855866455771274
36039572951823828185138059741385218028978069068461058068273317024069178102414609070615604516 73356434814829492342988524791539289127368224357464285794917482194327576574222927135712689218
286838114472005267735316854507742096713710340363811351334991924312010 591321814977989515165279861346228353292127511614222189998334896996954
3
3411083187874547503825450410931858520707502385173111273 5957229334451491921173728628195848855363773655283827523
410940994878648194103733158624318569258835987232778709735071598547011787114 485498825828135894793356744775739525174866144528751361625455725297549673429
6833304258720 9877565657493
4
17602707477434613671726009452038244361304401520835204 49684645655376622686698796712464441353245856694941311
2678113776889019113320325651996 3389422735446585621377432733433
34074970054396457215375956951762745018486146680004740636360718411549348360927700187 99469677516553174463374678369345777475881123269176942376816827745967411646926618349
17872161058004619629227761250619400876460406210470834315140369637220192460285480962341 33436226627119247641861947936217115992221589247733942218547623167361144392337989288442
8
643936687490585931575285637381164061684669594456882824 2282261389324793254526947252362719974564166452476461589
74867078651820709194923629459291207 423877252433383729686685756255167872
40654738601502574009300285459199704 3116943391454145268666969419658534487
118071721059047136670942361205646227163284541309925065941191907516396291289375912433550772027 4234315589732792469549594949232636644426116677718353312754653745345553335557973645363111886882
41798815164643021334605891519273186899655 67231955182277236586211169699856714542456
3742447760537076324014247102460583414203888402607546944811033264221355 4936131498779623177981979878668942373693336927232554439341755433618884
146896362848494493988420483252779411402579538705355206121956645566720612232702912195 376978528887416975376286829477785421347185928545883487298381598562159654185711445947
3544286276545740612489 4479593135422967189354
6
78956372233433382117894456560646523329356274932445951517420308581296736232396708750 94194678798149432558594316351294833918341275782395794376411961127496968497885417229
230719816694393813672478250202063574291499404607441404962872232437720 344247856927474635442424924719821294741164864526879821899936249513278
11136615783826541915196052886488216735636172499418453860969792886760624635 56673667743283623646765778989253351298355178557169926373437116227214332121
221626310801210678255726936285280 585924356772749367735499686179517
204197655698898613021453716684922603333575613755 213966955151156494588781447269177844751594946397
124857995634425495838116543027716771044214714238718848419084780303234785847574501653272185389767512 128694411531433436387847229893542273973694762588212952918472651251816191191941716153359772168779716
2
6836914669757218291638543461559892057281675554920211532596046479 94481785384677785815885436159739955119912216915632962963729286664
45231729347340105362888568640276748594156968271783129847280307709927 47763327241843547775889658829769555969767998131945454479129513286273
4
20703782999 45648283148
41919598523457444777852805397332837123884277362564467385573028420486344456114980252234349728937587 69749134432162556533161153437126322317237162975945896467925671777297958681196739627348878396859568
455968954917156372407859590287385496572386045527162498889225984132057714171889546 995445956245218759314136793155344144765196921534648123658437539524119426568485765
10982385 15719523
6
85882533357310525353796420 92347813888249863461656889
81894 95334
2560580826916739720481719055982697763063313408 2637677815149783627134719971961119492575125662
681933287248829995438616175470915472587161828520180144068927054947387 3858253481771375995968431572272577933793375265897316355834839917219878
27071719489478858105631520633186855075699340309574598088162156 92344286591625343759196676132637825636415277986962424678225531
683599798391835328491942559061265318191830564418365 2158666282931144399199462727196275819227395751758624
2
89804435477706054079608047783503 127178958752768752679587942274684
1989155142277775361680726412496915293579231360 989629958463246279285561387461659931853424584381
3
23890324259841786916227184375314081125477386939428941743934275 48115937319869889949511748344852534165124519654928946343659263
170174334425756093001273390188381126154346842843333338798723920 926651483591377256739215339353947613757653259711878845847414424
2805464803752717578283229084337286305999443081103254 38234356365132364794277252956223363428283776346276394
10
32432451 35288975
3366032975062051482448371400761748980164698987130672225986170862838 22289218924684741674732565646185821959297268896448127724511532383578
552115891679938289909126810016684494857032607983634136154 8566435342596156244454976459125394246486257312878568139562
31341906635370796265 48162575576654594651
6837 8929
45841352955997156942682 846354369368539353384493
82142297460331241128572 151878475925312542534338
606377697 726735367
35985430608673216332052759272310673473474350661151422014747953611794600228758 79789475427232999442536171973585555575264223638247215553816712695565559835332
527584756628175073160338246216471285817547589655494 559691525217594496482464297351689577828914266981524
3
153056281601446705743823856570216257631504670759 745482685483875868391256611796221961455791187563
160510903151346519984224397113553203193420230540996672225232645557719557506339168326991650 376146767452113541498478898963738992262711367365871379684293385624467212345421618935912792
251490 273556
2
3481522752674596228150542643274620215510419523663293706761465289768978922369709 5882496325445788489929359199843829532543239618425551693398498666788475147294765
3927450355986847159547817605743015364881922306305620102960504508858015 9774888741383921264886915263546616347533738736418851985726495822684886
7
3185330802282030455819373491029352233270759659960746588 4527174872362552656711837123999582914817187583733896211
9886772271049959323512893734589968083941018901603293309493926015012976762217562158293780 8354357894458735872272261525842777796957852799822734829984581743987663569837725472312364254
216 6696
3 5
60355251981280858492625941415428679564439575789015250982370316081107961287560355032676852438218080 97138553297562871169745413455196544157157531643971985638717956569884933187476256119237413246384623
21041043312071946267624932799644085852501 31818118389953393433751939259338226793782
86466904600058327226531351167838420746277087772 714366383752658339184275844862567962716968275168
3
28584055674562586568406098095793066928669439946152874501214 49737836411933589483548598345877299541999398335538727415237
6060519227452176091170027006585725655709750 9337337554948635657258699831849282311586782
3164857198008412867760079309812225943309702965008118285990820292424708911100825535610328351 5867174396886171327698768988569924821285819256716247571185564365365487834447924541832747139
4
34280663021622258599315894683297947975993543243004902423936914929896376012132351234083 66498162731773721942326444689788816414133629748693652628656684478949728463593163557996
480454655994003794330257988167037753284475032758183295383540175178050104416211743276110016482677 955832979158941766786819776417224124722712375639344729273684168342887845761983386681694758584549
44694040908018952605306525126 87435132726658747639238123868
880605670845746487617317 4995318259665899349375586
8
3799218562305748691806 5648585976984127156476
1916865537534826779601272468153009009760775029090730856837310863483101228813292899125 5651542946263264861877772233928361316627219231233627731878691779165927135953366931425
387650636133655135294105202740641267004972870318837815553466371105591 856288675752733527825369852982561327758913945926576537573226382468836
1162398341526159051453434102729017128439968275979558371837227754729412341868983028 4175223639378354561812422498328416527393859316363858486729432146886368219629964353
2158804553213160373714051237888163400809765972 8335242954676254817646779891217783819151941414
4180319282625214648023485835327893239112006565986268229091097238762754787043806440344138925667015 7654989648948745814342134378549395268723532882549687382683268182781718792647275166894921395175216
25283665837714003737813316831 61982765786249516678188132363
5241815419708089563238792715176129730397287051884197026012451124024464295752218660314111476005 7547161176445416287224675139782345487347212878875282166512546422345522173792846771821323116151
7
445445798279397577709981007938611522335543045578882330087007982630263564717626881090530345970129650 586925249777972141174891713578627978814925212468945197767488484971429611748876729259195187197993489
1413292549177373357779871186160075112742284252321 84833999757887523933837198963269173174219823143466
73053117072225774501207775678871708048498552087961942219024906659 558431887477224816721844972959593883788694989391423454282323591821
4377634962913621090902429993370698755137510890870346321026534971787858198 4569255324644666455853614789318356762853513353881257746398573812963954817
54845797359031840550805965510042470269303905750485 54898118549258567391268764979197355525783599913825
470080431158154360680657688509305311993513792593317277556493457964605641310049223382624 8219556132563126723472926236465322417816562813792695564233786313211463987138689397264133
686204779162051462069050722876046871926481043641513885014035276435 722865636564537371669286536498464794134755841474431813958285484575
2
73004532646 234192782381
247649859025565275835785076226815034868 723683537619432269829419114623173645486
7
307150867895682 562111383482619
1216856589217171251911882885131836432429812838172466280943909816976788727742685841844745 3498766145326876931836653189648312335775171649498177836892982118392631139257499384889683
7120031147697 27548916679751
32669391260651312971877617163156107412764698654042358330721484427818038136062671 69568893453346415661514846226911513218464352692196824631727842519262649571845348
6311144529435833977556413275988325866827 8347864413259225237659849645425388617292
2515443778863692 9634148939838433
20562105726840181378273525086094809324318434 71819999894727344714832347775436417697619397
5
62102453055743735586485774879976495507414726268638463 114616615168532797288744553476963596425265537325522112
1343041967260632109472831512024520849618747805826605033616615095100692804096308055759140 9937868673962417832944169138316461264546963214593561978347251283219167574725672241738713
31150072375 52495839438
18323424668560068212338796157640608121683021757186866213671329425437213585217829752847545774541 336218881881467813531252927527635726438493192292778636551942636294454273877111534688317977361861
884451001329971189809397290361180761169082500004096862222165618051782 8512651689456418163149696544235317217379473852445125748687762825832837
6
1925962050259413253082254501731467757095698066118319690179507332351724653123864273343220093414082 53969229751818117588486992714616224743339193559683878285254456964443333735239493821729975184793525
1933794266981859544117300371632484311709816285298518709047898142493432650189118864964065 2456527729351621174487738752626764167664324724962336512954343941726788441193931767576565
4381258503450012928411 7145523267838366655649
328827483917492499721219005679765143891854346032894 578714852578916576579841952285358136517147968457585
146118416623588408 148319139518167413
458311771994044873905471451043154873360356664007451532524568974645848920 675167713996597419894641135539859644543437156412775933673897723335832922
10
307181098120362015548331611157848111610662168149504632623273104188047963564082560 564788967179728496715537642833669679389271596567617589847586273973943434644111747
1452419 1983578
259 757
379432272477565090375999291649745136630 381441829445822751568648381471641381649
134349278991277837036183051238211715428093977404336923042854054356703184301265855837492 742133183952394122588216237728153774113666365579464137677715725569449629655616713126264
341053173879701210517347463214734410244450 841221617388916447547454878251571694528436
521302328349418748973071 746421825121695269861389
250459139410 518554642136
475199919565949887657113434660200189399568848929864377642010840270825705485683641569191304317 4343614591734963927651748451866618598634819313942416151281741735634626172466623681142617193421
7992827114078800 9982386239118738
2
1 14
9994680408439353402992046381 829925331354466287743129838545
4
130553441053711182879765211658297 299257636725873554372291193882372
33383 125993
1090030201592248891605602006493 1228266189822377558931187727266
100131692722814947689268860313474378676333423021 116227743719421776354626659465179947978386428694
3
2883190873862612481554134659723746977778139607142323575 3478517568321791487776382422415686987293414628143746558
2197795042292833881171641475 3859298914313415487981975892
171471355837279736345133535683122986 364938891947564691125882784557625743
3
160460474445344582679794155498776248918985534504660696462382715625255892198986850022889288 241475925822332335896446764429832854858865387321128554764732227284662173872758986526977124
45718362449262582859732733976847 55237116397397185646973735124971
31682976513905193065264024135389 96229365319331334768559253433633
7
2801425511949739780246233143695073504104448110333858159195849874 9982488297777754318962816923864379894654391727121255412969956488
26913 33173
22648512978 79264833892
23639356202491779228676224671136915522075 84375633532627433128848954876183947482959
30015127024241481956314018004597133039095015693531549126062653938255112801113667907 434582478544947474376477292939348149582459399965442517129124962889117497663246169577
8356583515987902753338022737762216592296858831554599 71685968813969462495914915494324572158578927757431255
582741374254660166823740864 1777548384788861844718396774
5
1469707831178537340851219092017848612967566108862552675914678895435538309607012797096 2321297386167355757682365456673217276798962328598474368342869659283458513736646866166
23320590411053821919357441382539749646783967 69945466765654182688467992176576838923916623
58182624769614160200762848659014102215433885929113997984866042643899519 98169642472395447333141875217986675591545751675366715486165295446587275
353377020 926115796
18824850608110839188430582560445176188530668939 21895252174596158265923433548157229383829954984
3
8823118265673346009370214702512611 32747671362187513265569141651639284
140034456562811449089662935174267266578286954858941524256210 865624692156672883524636756864511138125922612335452773667981
3425407349935372467235732351418514137302763160588587221828652020946880258351274690030069 8763872676547672612955868689322999528395276247778864115112727662239712334596841631957384
4
46330650899917758239227150488478403394782818680246542644717374550418349166133703716714054952422 61991757531817827989296843721178339379798533734653689166733335113584922514936774462837684672248
79977885755834228606550033907529729 86158548166815999986612612656594173
3229690944429017202910282214094242358122048 9159616888281797834425325372766226414536682
2323838407924793484977173862930144534 5995848699753197659447732155793238544
6
805686376715143097387 3447354253869582365531
1651303873480 1896769542281
1465471608279334785 1576233675322622632
3158112358395213139307545964617379605419584600675985 51219578131564258257695417471786641147622723195763252
541947635181294274512659866601864276063304950649248645905525489522541155336528330533689562 8858595323629768533613953345284653853628325536621211831798976491346528737671658685347218692
183544727188697674425535655182424871764611683560195 218867935117954447147649894523963335544379426138847
6
3155119401573349652984191374014827880323392003895018450133161624763660002287848676503 3289437349818412935164554619616539591271274288719192532229576799918874542763988982682
543862194791650326911083249764616509911195880498607847252290120426329767851594741448325993 2482365284318816856266372391578926397843437657224787424771539375766354928966765923338932262
2540 4178
38637981797915171639115118165191384054950348610053304204985 89119888155822613226598677891373223721896178542697868795971
131380724815716715288705759944775944223935497304139846263573240404 3568813323417966457184448996356168446657823738528125117576569235767
11599 64928
7
2407024785399091441230605622911467582599823413519243941779637330301050631476 9259783135572883455412581224641862951826893493245729368634223834415666453181
158885793444033958037858081527806548660883990537186730043400086175446095146 487979268582353974426967162438318356327315924911233173267744785654763827764
69707084333041877550663400918412797939102709594942498312513480692447887387648701 72741881316116436755587875699155754943644521161625283176443276781835637469623334
4607694696337663949597796411583033819272337123937205320361781486411801051146082653660473469603 8838477771789512268786314865637424712754827577792932761238277873249932991652464946852853168288
365233025133024736093774511799558988388633516323602528956478413 423469121261899535461314258155291334748818389431461636496343876
13596171529208535157519107 36469145612118217786719459
7706013457672245567665753914850744042279298952668766899 26891996286346418283142875853131435571466917248798459665
10
32531383964105552158568821549941290879 68516347239977371182682271584445319558
9315 87325
441322797056787726090556453797731295768262172972236002311551415549994364651906376330822 855281167679329436875899649111486259831877426447215496345465129839378275618494327813513
3125102211267 13825952712843
9558723412719277893498669922964242645589309836667224207049055626196701583678893378225271485491 76614477934534716622597267166666595315615424271393698776217813558177764199926978489786133582957
61778943804360044126026522782845237382948809788787864046097746534973499820340246264 83311716639483642275925464396386324997415763384257733548713791778316376285256252423
7627846440888952702919395177 68294883689992899288119243748
2907922969072218023183332 4686753861781775246261623
26091060 92292556
348282 358211
10
414044956067890115869945608980348158583 4278619629413288325121923538149842748573
43904866294077467578074980620154716361448700260265 44456566185379513331475975211522166332589758419726
22639097003428973354683705432667730335584229284101486517060626120795423809888314371 43985933342149785213754773526365164333988464542729353455675857487188135292868894386
32612234370036952701250350464179385990460517070602345797480766450041556759 76127196421271858264911778489932792154917211694249219476398734129415428979
36175171795861853930 92737791532295151131
46696074412721498310464165337629693593202260315967568476580764 188564782345346382456189583737833872159413789773783824561499934
46987340318129982615918037063522939373461152799018 174337274334982396479853336229716941936351293631254
5720923137875809965648047066950935703626938670140126194673915089667396803659394869093 7349453789229329233724442879458346516577993878247721922731292222547858554891567617134
5264106827628095625303195773326146351703469787686330384310876313007688237646005149632510491885 96961511341115146819398671165394995685693399972471621725164555755724235946353764329349244128633
11427952109029244848683526696397686325741033422 14164648199381982567389525475141646611664179193
8
137096200252104899079675319436346916237027232718467818791827129236444 155595376866238267428623116258727161764378621283552746264357672974812
2357137569029704571241328723521941685798286619042099416504942173998164 2783934718287885796447888237998969773929159719351624929246213724593994
4652951516258859300504481276103925119337828080251068688681734728893 5854658815944831375752893281225957681852227529711824458434758138419
680991616015814480308374864863195012988884850734223094 3213472151969194591492982917689317443762648463347246735
1082343247723867381787 2152376677113396353125
3977016978683839630311044277894718407213785293677397863209192575879403380 4512713317832255833493576497947696694188732342347932425918571431921438523
1509426696493075498423 1991829673687753173367
4640965511502056294421 4818651797532475641964
9
37053207119040818201117 1814266668954728323251339
913230467882704678308761 6832774933452268839224964
14600 66375
62661194809565 882678472786432
3397114275776181019447811324560495367708548816708904826352075892795030275 6775313468787779976749189941396955515317537879226364967519568743436617425
372710361379272231560596923298157644616948639426164870647099587010444459731514284885 6347334486976489916436343246163363486538617384449114819114786564572961873123887958455
446838117116509852830140687653141781571419815622957480772341445279763485850913749 794491269258891258947739732272132465976664147847466783697874667326913598431427912
221323312880 224565451949
43648697751111262737928717355 963656469338957173191272381577
10
165144579521930798553098836883307635237785288 345379566839543725376839534395496831452975586
12010769221523379847392004 39589166312276444859375371
386 968
70139564242090395392713143313271476656949403640209861185161264404073340091785 211582964542374719111615287146247981596388568998289439921228268334364246187815
5576250901710880511774559990271172514555227170779911354594699466229 7694299361948332337992743473665316326143587139864319515692388435243
6106562782678762847510347 7281684512562415739725673
19002696058330055723126953432959894950816308376 173166512215463976577363845197338463379843651149
2853327981985528541168461209165875196883087529391220940923517251537521837424593869617286604777605032 6494574338394557829838967725456699149361351414194754989811312118994396293263682244315843826756592834
4024165403207549119175828935413838042449102963606013252364965521558552168448255451 9156419271345275798626635566254281287568141577922281134119812294335178839842381533
87242 88892
9
67207410985423698996037716880324630 873124749521785597979592252585337941
6484206583155534674844520304587043301428 7947673277191718533468312318341667312522
1758078365222366870600903172950659395923383336512158483210996609870206899474 3154821466656944947132934378773614237362548733582171327149651924939545148367
8613844915179216711900986736082241438187086564898093245394451832844004185401587084250304474 9338677144239614397483964153217294535531919841593983271549998143227347289922183115797557186
152586663876587747907722900497565780954566084855697932781563494938586185704 516464439281674777917192892625237639767883296379523846797768155217765762136
526880401919536247655370876717103725269221698239833494 564982139192792819273363448817326159864443571655731495
105240369872507369377476186392545831842381746918023555321365550906991000209 116143223947481762948822548899299128274253743796544719733669541744335459125
13642843643415231060840693197785506802 171926791314233965984486394142164678286
2456430893590599252432278917566557818658478586473925740028384148385108079158200845107 52132761179111546457955973478888217914458218672693672593699223254128816273945644869619
5
243162801736378156517366713408732949157418219541003271456131234 581751571568131427231629777926497427695697735716138115666225992
450478512834335977 992886142578517181
49784639211176954565120340128158253773925272550947079469747099017042127375503555190161828 156158325111428558266136764722195214939793674124677793333615653961316164426827187752168242
516575082601988240233951597727843674166134054961532926747845729458864806164544 518496248664597346939993274415418421364971247249273143879427371496771615884378
102507427241576679914428923939941676346468588980738276489540897 478361949547394828246134315669877899992494394531469648572657817
10
254202543730650411717789201665953498351916276406 746474452646334221113731717657968824554416195885
20862929975461221461241213628474812156587091770981219387913534627 59848148116275377264126975461266295725119272164932628178437657679
669180398636537152740456840831331282485844457344626662007644995584522161586821 912992951173148472458274761341164197322729733638828892464849846136452476575845
316171982349873732609497418993782 877855816663522814633995571681574
1899421054737890 3225781916494419
31212407843 74861833353
263110475362187909293898 277668172354584426251136
920147426591739349991883162956635005425819741429177913343930350026495017061967225520078 2783839144721599692391433952387488425683225467387378317597116552316213145229583418173594
14471382884031137459622792257180409887608347582416440456597897952395217631530 15888745596623931445649418535169336983574239313786981275252499461554212355728
28785091242378699311666 32484428622352742778212
10
268951546382298758638976560570633709171642780704122955892696180764145 514984739973883239124445884192329366699975858172955463471966175731598
15211250517621376801907444765290175614668670347838461144114341027886527106250292305731841396057020 36665873189534357378387463831343843473375617324154255691515272864695444718434518144359591953719797
135366798319756948208224934570031040324267863533589487126125662835 334968761993975283549342526129427756776992796816788485112593382435
12755591605822575215437724731175270820316580885983958987567524923178793202433259349770008540930 19537744694942183759579466513629424211463829758115487571351527158715937662952754943186753891566
262184049311824372425475392756 295217461339474329968137859375
4889341241108958144548 6624435293229935528878
23723134 63149992
18488705079097000362195196429562846970592653132869012804148329644545405035880559930561056842 59227298151269238533636151743364247621885194813861149468986496448385927579343711561391633549
424156547538402666639277155215741024452166809039974102109227085 489913495692378589228478145338419793882147972312791317362989161
271940 553614
4
9770369106049158795693604898173684956103318982511 17892677956732149124521293845548134693427648189556
266809780621434347939109476726899641798485 2389784289453884983819842559823656682348722
3964057369886727392310672558815738694521886643625932011082355029058 5378517474289534924541714228359156264372297959783728953335359533539
13654572332238851565652951194696126075777654077938693068441700321947972613283816920351 13847971429537571282143357243258342694189299693261859675231247146973893879567223218339
5
443105851014868660943998487020837300556357675319516155831878397912477143 572751715551145345739444965295778655917336961449747539676586288866824446
657124967448281154800985552604226367510831740171 814481366565881326846411869438771932852719771422
83390656980499494822457485616803566999251134510 84259526746535547793539264873645521289922953881
31694103847 223952444642
10064104440045260149824876335563371782989047025019772897169883981001035246849171191956282 265758574948581195844492757863555887884589753615745722232991192741198169358455116967627233
6
26031392425360178122195182970103327 61121451593326197751283119332299423
25039654761836034398604102908258281592480225 74697186818885325938743524321295744586541671
5963071378338750565880 8359626111585655173291
47820006262803033151910975720902647940991878378747659970054240159893833297276505892955634824595 218567493268789837737225196752322461697649434228215924756888799676865728711969929958337541577574
4447236299301303183435720371805 8931191956473525468416497326747
170251014958412782462531930036226746227595296188012402192305881653204602175222809909851943112731 229559212781929174262643758198741113487378995564998867671154133463815341837315476579274981552564
4
4099810889166278549825602485220323477005099887992541973105801030212093197438947217 8268128794265658517236298312562812544139292918684418243286728639997949641635837561
225655781605801887639122695970156766016509622610705292350824094 552997953547832266472982815114811649816271736159689472331959341
50393003298188327272596905269873634144932071966599747221192915010582650826752 65924426262365242995415246257864858872866146132848325391365534746149599733176
619330758699863899435729 684959911826423729727323
10
2924014057283246232065543919411132 6339184317826869466526761318116124
24513761520211301972304164633474021482431305113456106669058437518732860016708915042672679 75526362864416436698641636173153836238251994337681228887843442843451162489215652612988664
4769886703454998692494815118369362550 7959929872748231822177887789137115964
134030009385447957727056919778811794708767101771188525 543589651936971943223388157682175893565171425345466482
3875294259769828221838670307962932833338928175785792012538359096132303986074280 9111121857218943562455352547399527253481647539846779161921592537226445947343324
4309111614747 6982855363677
705390041468951288490416565057085583116111821120378 3566988195375658333377744898995343211694352253819796
31754440281 45331617777
832845636681219088723665896768795161775367091546794129417657295447288532372943964 1999234443385379971113634213388536341365983249777223613519768378876732242629917768
3314900918987376893266841341011715630653416457928207710979160061518 82221428118599579438957156814618852633648562767374299717912216257935
2
34274568355489565217181527427733237136925612271 38913442136895312652531785951382557982433317249
22972 96484
5
3135414665758555237691390748153160701 4677424272432932429469831898779438476
35878 45755
245354247602414321123275700476700508332043145332040150027293065147187268468 294221425919523486827697147131724444537751938723483773611496314426336413838
654796248943577294027434479237060977158834305044225250986646508534 752761322391739992724192343715143628288619611214674558922544337428
422954259534974211125782281624785434698666 1159764293581398554645973967633553795272724
6
18572485 21744751
2974748017928556103 9358161237795587376
3724151022654302143153822 5766348371189656984495871
45247645177210790568074915799152983672208794473587344627086935136901513771677143608279351972769766 69161533954896597546839625464684414443477871838582931563314813675215169545435945321571915732963622
14825555041154059929066276653315984201587000018370442757214385837199404037656571347191594 97599496951849763345283268955136855236161478968881833184336535293314414624192328436461347
217573410827294884211414568973630846306 911454314981799616654174481116798651645
9
317705389632656489497536545338679420306218342645475106574304779520885520765435487620297819025092919 2181755737918966956922255131287689635645345323363525185663587846719497578188663935511577972727764447
46367408517106639676539232949611995517992458907710545148710785348803485385480082905400246 64473988415554763626481311518273578965767422433297769793786678938657241553667887569896443
3845579345519273700323020201182486505815813752967111334101775410617924908495 5685159924248796251978848256488338928722339825978943964218745128543799394518
2194378631107038768604886001341209829907963596317127279307761065974227266374456500423072 3818456595468566498164251115225977285998159766267263575292841158336683937845687566328592
45314861014107618595113463243626816210279891192783954809431796928294004434256462464800622387 88842952187499932243497775324288611466662936345215265164695135696717529346921827259678347446
8336335894359395856872064681062014702475281144973026 31827629999744364879513634259649553562244768414341231
3194538156580093493770660594154266866653355613633678540983282191687 4344243781744296434345478469386829642269975117262249319312879232721
167829704666264028234 348255177775595955612
243561207605307111212079850045067801560760872196128056782184248418800744975719760008 29895774813373384849764129558835933387331226631866813898844526724443626951957232916789
6
8131813579712499878 9318338931974965544
425368264395363417714634386614349929755404498114443275356869573972085214157653065196262377 639141823823778669459822653427328177426728115951259124226463859293914164551923237992249212
1068791130072667260562169585116666371572337824828456903309579040039636 7927598219363175142696565893142422687188492578884233879956132316292562
56641946999237276816849 92916783988231447428369
645066513009146186359808023909139198992853976654727917206365835810042618 689778829613252368832375454928333159154725128845983776986348488659974797
60419377707963184245241413506220182603390653078560948638323373 85895168356375376475322785757196143656425721298376183718524412
10
61286010882665469281661951757314590200657617617110482873626958579443775172343302384527 77772915516946465142789791669545953161811836736328375512915553722575656435985667346753
18449285872484590685494508337054177049263796555905741342445897473682645474322539613408935140030 19221391887164839772466926673341813713272178419227741693716818993823989467219112592969359618771
426360714617182789121661695812399817326736681071268453827693660641584699960107308605293875 454492142366277172192124519215489114452376837721998957296268553812268384342169322863255411
2468945101887691311872607667483 5146298715732849562648864983852
787801685198799083091120533638468195236968099175707276781558969 2496967775774496481325757626563916658394469491385552569189485335
446851250281795456037734907953066000096680582412451670401163049197193632886554164876840128 6243387395499556769422989521435212856219665193739198514976453552729512522263921476999175775
682291058944452660037123014176609380255939681528315199054763763071780749476654544888070384 869551567314422342922315275837258914689754574739423752326278933888446661998475597769642485
106852802721764214972626828885056450294324097411334254335994942555058616306790705759 582475862895859496361285626864372657394834698783631521625219597545938612631368826876
32514519925687545201544 33883575847663467778823
4 33
4
23175772733563473053008770346889456802074514050968723300967587272792182224881 61982686382732921334648756949872722262388126126991889389744156535292382971471
19205 172395
11142259778131667870537253975157340528326070958763664545903860209809969387743507594525118629171 12532984122762787465896199942732328829863272996113664223174743329592344516757411878121524728157
6242955781176469984266291247550542640476 7263394727638356872935941387249899969413
7
5145651415114070429570871592477792 32481229163656148717944978757542474
201679758209854749961945435 1738618835779433845217358211
9656935423717289582936753242846439197073306903257604831351210202665276741599700164 24655952221565537561458157288496222855776339235487989431411765418749217425434715988
342310850371212388125785628300228830551035960644591345172815661873142670511 557924294941136184278115491483117414983942866612969233819139183231125245211
4765634342085331173614627916345870034818842612345567 81121895558448925841746215199283345777651585713594519
74217190516226387409503140559005052542583714683018558268874721513285164 89746474113456979837164286993242558564531326783315445718756872357877379
844885819352349096640084 3976992325157166797642538
3
12407566232089194878788034374385597112103294576805341022197662308478147610537282188009 43231839493667656437797628277127234442224838946265115171853133316464519455325852526386
1194261110054023384215915889847995741399518913275032147800617502056943997941562401777330064 4314626749698866795723632318936744321667791823513283785179849865946431173334551355653172796
16322499363444110263948014 46662232462554739228841784
8
16040775097575633710835942 1516834984762341113238156568
599858305041055359747457428843753430245046660627033733098458563 859536238716744431137973663444399269755687831249988366817864384
59624536984288847941 86416125691164241471
941074859924421536239752831274665316748738137025795327425940891432115259819975539618651467518226033 9491656327136648754343726394313351377153147843534332831777378761661267979854568681239467367548145561
312733680 319819739
83245386214560961408417079133312133678831882123699589269055228919484903358202849094084014 8363336178846289219555783679264483229993778217536924446864435245796178188331898489848423323
287309729801956930956597303586700960812347 363449569544948126536475368781442593141332
368043107415858907306313271248679232891813320521247053988 444531462753532878475848289611768452533669119368419837359
3
96079568720494525636636797462939200258309421773469394371 131216395868532218895226555616527994997544118373477432393
2637159461556449391259774116347547506284019160549649290810165225 7469628718549478854639614518119189371145355735751762171657347543
9373395457164555158488 18421247824561872827972
8
304629770253366469271263412277385032383503928762692571996281693731701941306879389194 891424322638186392578939491834158642129935662861828358198236667769355992527291635882
5599101814893453112207293195292557291638481846265514917419987003604616 17674684391267635933237166494997878124641963568837281839699676454962631
6454990098554717632183111704279920614732075473526379246893816092108213512661619553164669 133696166537645994523337682316455384595724224448927525131444132945625996238735216234679447
1215299478477302740356959845 3792798657341177965518938451
4474870308516321111555737202024 8959243851738278871859516168342
598592740504173617239872141657503366643623713 164769833282421724134211426893949198472712716885
183731759306110002929655240592108 485644368588311479123663451663514
515836255108052667640299189213889106218 727213874395418971953717536944749428262
7
261125807692032 516698781918686
3667802715670925215348896458864088979311085613248118670 17166465724597497493239561436362247351392665933322345588
2948332656309713564397711134306577286010925748021338228784850 3979853756387171635989931991463743169987298134683462222193254
7245567363543 9277931532263
304599746441488753071355770219996098762546571091155806625125699896783234009705641996432785905526918 372344248931132625269281575497583991796362729684821779494853492377572449617614696475432188861244597
25469706714184970782009176816262232421450048975451648290166278620135073509483855495002 54948323289267996421181237327577318936144928723357914872978127941443471316721756854542
15498948146837215199940936718636237099920 51813544116354377171212623876189728495654
5
261600887087686097975281856572335421508 422267878867383797616235428551666371179
3931005589691640807094682012197078128248199140535060678651101758508 4915226197834356416912638251217261657324855745855286698486337236163
16081109828889076219139926679726494979154115109527771520803561314715596327581467674426687 25185184644214941359722686847578673365641638796717939378442697817187592323938645992947517
256867240405999482118758919009244813679412312477820722817450027386889054537571323582 1591259673918142196263952684945797466983347971595488323594681848796432376169497692785
810147298588527044781546014849944977734566645388941414896706916729895200444415097555772 14881588149888274476919891513411487864423889646764846485373816294855161694846855769946921
10
1653431762601466920828445201542971019286797516732303662184552484183913 4193283667846975541189815493395548432237381613625951463643546379676169
1218402337654592427027985354452452796493320812906750735307008684501894912502963262 1618174123884388849237397776998663544966173312619766965287429579773873238597647366
42433748403162357564164 97999864854167126529869
3197647942798019 6227653289587768
4676552516520103538 42332945486583676939
2387760269211064409698978647852261250142632967841117807450276798675818751464908006899 3277312155124533156745865676115351729763575198756985573995626838896361319315733319413
2174378049600398209787047614721307964091622493344128248310720387865743925887426433302524 24654965627264728349458778299451886119444194182545596333167678534917898142537693359934942
5226124123038199146670 5293526675416361894343
8755965992235603825156978968953991888467441602496996773615924622620669008615314568749635740286902 9233854195441562398276137869969458839839335645947945591876322369617364619298426784394479169133879
35509277432596 43432353611226
10
94816640807998179212948214580247195891461958525673580935281492203955 4723915284219128697414237176356333538485675352416784884121882787865139
3287197869185698510764474615181874749657542506385494 7879967742583848333645288465178326649365155243821141
548559337935847231570807118240107200166075476185863040090749633738946687516023771 834793886396234585955696615281939216475437994919577612797319213347358946664944711
176748946888306187938351989352035949726325142026563497402261494187622895 4484544782949342918592774417568466844552438534326537297464738862876226522
671477552124890744724215559137707364636927579090716433663 832762192781562525771972783434418258773625445174747352924
23808758545740288481349314325174853193866336728493237117582059372108436869779009624 59225767966523472891681884249551126299683483355155189325937189712363932825566686555
45975 96856
92068547024540460905820856098930161580765381221387352171612684576460 258428577991519783441625126758632775485644794187354223113344545591177
9509449018684 24335113357887
111318623107290753746118019079204376838625676087830534117224143459066141799 191211783983529697119222536324687751662419683455241491341398424912672965765
3
3668305653787112333 5831276792126197266
30449043899626974331223548989393014845148868450794853385304532038 36227863176877569283845548919329185364253823224766337166574864338
950130662064 6834758985989
5
289890839 338213159
2166245760599313725396439788805394365880569682296845 5941225138761512611433255457348781858378834514925417
3104906603237337496264659577486732605182573087467034667206888814749391035798895229861576884 3656373464763161433784368246827936935636775884919853332197897277682563345538198111536793685
4841880012633633661097015332950108647735981689473809586027707935632622683516080 9836494893186633882672887337348946431911689149868722932795557427296713473353774
58874202562807163537076918876375993975143061019148304178801799693378073585569249783377 8192284568872548824683968871462599943387784463125766153318729172823996435761925882395181
7
2610919267293017933191549788033306993724481279468331208929001 38959125447419964435697163442587925543252621844835917266841432
16426816429955107825577821832397232975511694114749826683041836920073037318070715853593808742737 73586891399283116261666798176965659119911257714832459668582397176657313738394278387983446769993
35705300278679999644573740377753881139078178397116758338157316484277907510651170917316504134938111 67464252897971827967823393525312299515754217631529931115743696173253773112955354657468291333858791
71 733
141224164379147280834473532180912818136535 318257591434768752119864426627127523411175
133502328387922443344336193667347662369832290655568672 242888597445528254379462283944378529385957311465861825
17461705215119413415818412307756067618507 25832666155375244325934675765971141984676
5
2161909714226776345099902734991501054672293286298241511140566957296827198230835036683341875587824 2394764187534887393623125561316725667628791475861213353786517952133641343516991472414398843957389
5067 7741
4233333456384658053298854 5991768765262712465222845
3286501398 74459784974
205879308679446471026493943587567444103219830510177541999924392837550271528132233922 367854799625167787614511563364573918188451297123539716272332452844652798476184523423
5
24992836047013221213537515138754484104561217 34511472544565324194315238832693324948266268
2718564798134730354237273 5752575813748783281319628
389101177872139011909459240738377192298943050396663304 851846369922881493452498738297643226258794713596283558
677804143545237679894951201280188648503424093252871308046 6135128326657345731292422786176995924485658876756886456529
167138525684677608371007446781928 323495676654768389943294118855542
2
255045750329259787893018172495696182591860764064988610502378835959426187096651222714756 261749747735754638379159217283546753711656266364145481423465561223274227628899829291588
60 97
2
671399624342098071248821961183705744238 743169736124691181367297783489929718461
2819342035167438204065 84666741316448646965591
6
141980466376504096686723074615693 145933729361485686525588285984653
313377815446818 577581313565489
47956098962651742107113094886371647757958 75559994964417947168257853274192458392679
7888509999746010664782255836492955587 8298883492829381182776778165739479853
3882953874782697226177001234604967967756006288 4618189517591985396677164892423276323959727618
685445930164383971239832632404987782361277194229709592980640347429002383 861244261211367344152528891678792728462441789989891698134593598111998719
4
3813277729477585567441636892867085691084187833342473957294997485384268613489592991 4673361239519856114775256586166971235728821187425891781256938322845937324825249143
209285402087506443366586302974453797719187824688069054490490397917299949350558 436315899962799878729725116525384718254357363478261749284816645587949269448997
171572868069285466 223734894228799667
175588642184017669885271295075943487151648397393518463067866 373199485994835396478791445991689959257252195916974145361338
6
91372729449855300143896284585078332873057242345907897227138481306059120508271534 263588947259149985458588946334999951996387193787841231997684121971451188573842694
18035570046121535734390455054062863249611126795 32916883789169694989527779327282554189561729953
266618515676716202781822 333273245945762524778773
14236947249501431829882512704979331752187157918697514378305398323397561897387862522618 255986938582127991275769387819519159476564638453598251989148823841812183362414145813122
941926531332434 1221598926435232
5358846041609616162 6824325358297685394
8
6188812017250533160914750634509518923215506733194436155787 9544916365669491342253641921795598766168352351282521373312
491 686
11636354813037087457724745245443930917828200262908351158588034207222092436157883 41384362791839152244656379373963429844275377712613218983846979756694893561371278
6608775 16135146
246640290061667397038386334491395909399919575359736272811637540641147780405 295341596886671768488119534814462352774132773252986783149228795146915274934
389905427246095221703369 6253399871631958367522857
21569135644036655273439271699204591148229831132926070508651540883805 61198916185196531144329265691816829612235554654247847974379125588337
233398738885347667895978101082295537672410881659950353346215914259818320551094648763706426508091 568295333835538642413561145113749479759731342641725193172585213945862811299694522925224673734184
9
33135613423611770931337418402197779840056811444847068622 46464122527287671827247533346481667315226427782175679297
1246748663726400235434919005532890234132960300551854269868402925758819 3928138224527491148561897341466624258462648632724366391435982331172133
160031970723375651048062116001842124308682367273916647105939538143805215139261100320269404496648 313567649927565738538896796537668676766675176285253143739294473296322898213689639934296598437113
223536101949968381591 729729425632783523353
7709824155524907857522317504530105857862666564145557 1168936476839474419694366386334923537321595161682388357
132487813714013509140308142972185569441506185980327641292615029032344326354683 3189411748843814425366277327625933778141453675233796613276476164139488773456762
720856386510118233376055021458013237663105 942289233772194385399322837784447413159546
436482000194980761756591762609157929615631759882839066861622302642901448703976482 522493883592469959943483678572174734632164865478744154612127361921348632529268683
1389090033836607441909689081854757324674059088882395350059629945646763115731920501346 1782221233572458678978923357364619576182968655257667978769783217721868266912793884161
10
0 2
8347515664769552560045842836857709511638747516778850 98549253335943684989629225476831692983676759976758798
1615762807561264137442614069206536725434 7698935218523311669711359622661451941485
35591129044349071933589326841949881248961905749240397238010343984907 39188367589141473635383749829311733311615495461237776998677299618491
471263437649637488679926246540295600 984751649961938578275752181865474573
198453585307838049229826725141160730577380589902743 3358921779265371328652632159422951911983741397938971
47364 58672
3151077139 3327449742
33635693339319372089970567630375031874655210404 75425965357641137583749994571161695414728471614
3146770815220411535939494605679553664488671807941441695349636361523 8492228992874953814284527645635433239754927738912949825872277767279
4
8286091223995171305719133476297804031329517158637090294 9389642526986591963452594281229829821449839266441295457
25610076995969741924672329457318943514126212650229894787691056220099046433572543703522238028 52374437782924786828542927798915288217269498318196913786951592869351674742915596631334542546
178004200146992454316832083417504812267915135823552212 348225846489582759195947958694158827899652814752391996
8781083482704 9714959926356
7
6467615510644043717178854348468283 6729519426931473261673783818241843
1476733201104843925285508863889089593 3248477855951835599657948724892424878
21 95
4728752710491639321202426570877073147702966629017 6483797711993725543388252718191375232576347343357
1529675460030619012844575763444903300173691897275496880421368952940755144180903362427671 1883947837471423512579917777662133544264912691441979865144846733433134617895149486441956
74538642935441541377142077650113633879 96145196496996364921496582196484643494
480681279374412724511801180029134933810059606385581 545261992175838673576574883765699697716343785988925
9
30131886972685697690 44131613752285814352
4541630580497872684317587709551226797579039716581294307100388133902578197058 8748242714362624172735723139286315325797573228548114435136766742476449389183
562453184500155093404028375 661558954677731269749791581
6887 58591
365291139314185407757878429024414 572843129894768649344887783249612
7233022167794469969348008272115300 8164821157638944614277419181792697
5861412614 25471352898
890673909744435848954916399778244003002 8864277641881237356376949494534239981488
979185797266293178353808020269990 24553397156481849827321587916342994
5
31852609484002210338681120998942789927136901125041325322741384091931580797800549228465617626 97117229248918117254562876578212333695133567639712459855845856875633865828148531558283161165
21084331918092964308181467489091321709385416603396377899741364041500742462699363936300451187109 31829267318417497919928928191672937922552179129114527631394777623154533543294262682466138595689
332578832229466932617128441275378777 681936865761149557118939863765591194
68788342504135572936 68838418542411576595
418366655698887575877600899601666206224 496145642648491922146855578235461568589
3
4103278746817622875058079 5383223849366137727189421
19106325327543904140988462877941676216367507639252148812039338383611594317660689695959055 65687339211627836675396748589771273293542723324967546299971566443523552845579373868766667
36412924517823149084914240017945640142890570714679136332079 44953611575736197233846513787123266663981841686235385941319
5
3362307248619164936757756343351586911152277346 9142665321938837869452878748779416133482673271
20014704043720328201579687827470837650907948114002035643363 23342739583346543864377495922739674845671486261778246668896
823242004388537531586730538697430537019059047818129057533370948665225015688269029228971099071 1682693255147878624971711786393262266586556659446824668291339771592944844255535871248921645146
10176996048665588896409566911040742378753333922859226216884782155609678584055 97964919483346311925163327722321553585773588419883968639348168379242228448292
518437353874 999786698327
9
109977135642384442514061862937 739386486999716873818858646621
3675351963525217220826812167377132098514942294322715104964365 6884622219185856153871378796238586929673762581456119325484631
25507667442456642295265447537053232 57233481567881579249667521322739484
48218183239506694965284923017028846640439103645463863390248398315282685296181764770771162984 96265558477457753262376426282481422761997695873198478636515579862596635187441288227133827872
2201516691514377325335413 3324789863497425755231345
842313237717057137795360151665618159 3879921126765421359241425317465977483
13641717979156877522567927350796702620 21868898917841758319919667479156362599
2423152730755190986996281710 6445549725139445382466231846
16785344962613458389843 42912115814398313353245
2
14384455227830775068601312123330397869495822695200071141010094154033583 64436124965131797158946831886236659945239566887373175978263899582718788
1379304332336794135063679125464655768217929715554314126319134929517579001111602500935283258 1686187374317197871537814568143754931419269473423918449286919567267677995162294943182685976
9
569451481205359335113614087371682707704316891356 1147479646331482873672925318971662635133839459342
3551396094619474120545642559732755226 4276699586169522617271737814884449388
2135088954750074919165983863905859556161787 9944532445526664277931158467293759463829327
27026512124290822435883072848587644955211303281491421322050357922405167983322328261701018092793384 38987867178535231786763638913353377496176799819428923899111666172448799212445264871921971531973453
681765417192570 35845142945435457
34161871867921990479887509747984220800 88354959944563776725433387366976921294
5462770176893354875266115920 628469728241558651758324315141
3055950640396640734805390549808243016134 5314763949761787227944928169351937911188
268173438443202715931881421681772942 917837825139563472888843629123642598
5
2465885552444422013208392364846713716863918371 6558533614311266796764832169165943485584167952
5925147632303659411186592740794531693015580133881602721299492 6866799533512123149879449326132159618869192438948992199381381
5 28
53506835590760489864665204246303198690816234179251204484715311591587126093826924630018603192925 58642159563121321656952824371434997639911252841834584225567962187152441216556755399498873635428
4737078795463770079005482880666776252277714718830969308478323752874335936663060113093 9632999275416923734835322227999324212724385174886583142796649143117646593237826299646
3
849744600201541484 891462966387166164
15258124852768538859371546290268754014154869997006061324697381378701971093095887674434609 33956617613333535181845477345755712126161998638496795568817991179635963762536328823965188
107329024086894809287331612129421185603481133091788614456682306669320380758 111232682929777338226275652897273262196733983223273818768782919349957743988
9
1614136706268320299961873455285931282762380829347363498730403963399392886438114 1826185687299858174848971425644339936534772775647192394477223789929278558982644
1 6
451403143747438629397018960854377973812336256366004643147647676624445447528344422320621828877795414 927562897453525932432119642631273314819144372885797136696351256375235984747951827754749126319479985
60205499581047440204027108105799590642937749018965088822110555401220610972263220213612351783208 93337233734494865486443121293329999358517158273345395552553346938354837428642394752297961371695
11430289962385317785647869946118203608488112281146521 38642894472959318811221392243944764774258145821328736
122260403903013320346639549283925820958145614033383893184909296854136178589295958965 181847291752799943683712672517687195582961218857237979287192385115446587416883147456
6197751972434815934217662464100743083183551444874998378879599979 17274635677868177686189814422868259883973781389443843194512178339
41405381091146814556097730212928936056350787445599214471699053 57256152846314311378347162744731651349685222132232239945915917
10168082046026 43522342359445
10
3918095636466468953363759073540 9318734881488641544353849371519
54352597296374269273364990153406108130673828136437223665931404 96845814985647664911978936713722172485617815573716592896952169
18 41
513904466328372373469452903943057370101103374517 959428244464881275542686195762875754867348293374
112672378618 753282552997
943608504246550862817755861680576973664984163626685176885510834471425642495 6628896773939794818985132375171562314375961377528471649965197797841679632361
157723707720488302907120069921140320238264750128104101001943411510113345617125 158133491874444233832968733116838181829726246292651776916239947848745899745494
88880555161370129764899102 166252239321873417276538395
169012324516669506461 267913462814861254139
4469362629058970142383 55867135439696268313982
10
372426493986591982867791451634584760568779124347117599868 438634771628263184845422659629376159297184285971735193886
290828206716 476562852774
364041629166 646523122666
18263028845548884064729756404417 46346155449363966659866289282355
294 612
4724899097223271069343119334554091342121194407 5762727216416822324785595516581252194341222743
129443961719945184342164133351346372443291623058095461759218 736985875396248639661387837238535535315737559733329871853758
10204446510014 99373734337484
242277891710505144260865244614564349205939402989155964082130565016731177381 361666591532397763767626396379376319357461729882876739967925622459837525951
4755116016881851339852450826792071271995021738384591870074722414382448 5545739497974725526946781138258225489918796271255981511713879166271857
2
113055724229128483722952970759702980545090932824076452781859265331904159 266155719525449441753821198663889975858167392466638819378169625783292729
656901268019883511869348286301420970715281711972344517278498544726425327628984410261545671 933216377941714418123125221263382513186154197994526967217567238981437717636695771779128419
2
39160749043862618476725130067319466727181420 45996832653884978227787765477121165995761988
169154083814338281561544355156 837293869755283514261782814656
8
147609247133984792571166617303733393072684487316246048793469791861511021255100426797049062103371700 349656163476285111779593496652598629451883289682479989593425778919456233288849273436833277242221735
7721346529084741074181239393864746746470666602625467852812171226909544592378444773367575 193975782911491196575368994431735467651157864325566515476733967653368496685725376183484356
38746920821381013512923988734134550 59123436823979414599972674643186175
359413673524758620966233787806937991835948014359317778834949649000039554775133521364 39288433669759524727511752682629642358355826191921182878979918425569643943822964283331
32195951622210464098162305095508602939719961389965435114987518461383 111654929481499343372752378298647729165757517773995169919368973633629
1118084177559580283664323 7343517756256969332441287
99386956500262389512002359771770991929200 753553396416739447947764638449389857775545
2181781 8667793
8
888693363392362147101 943429181636323467787
15941256641375781876201125535550427486593716955029760906622840667417067063902403917 474273836922765311623781311478948349955463141664245266693873657381698734397764894212
218284878032830877584560905777027845445887538113423943902035 6248618626826945572982296533693658426355619362675963657496167
50217836876906073097995320355123294517028821386106364716499892490570857616925717014192756915815 85461578254828792367747813565147932324398452544367193876456529134128983529254798421195922966589
1084483295344161586735354530472120702865358104313437064516517038640504214 2121693464139655511178191977198918929123437359836966921266212461915247628
51589603528850712125360162666634417968064654197011 5786147162143941782395655365643142369713536841717697
203972405590473264865855265538433280606210 91128577398699219938328299398182755864789724
243916891889544242745417478932629038 1469996321642837767341316611943569289
