100
2
1 2
9 18
3
2 4
53 95
5 6
2
4 5
79 93
4
0 3
5 7
20 53
2 3
2
0 3
1 3
2
6 9
5 7
4
46 56
4 8
2 6
1 5
2
4 5
38 46
4
12 14
29 45
4 5
1 5
3
12 15
4 9
3 5
3
2 8
27 31
0 2
2
15 68
59 97
3
85 98
3 4
4 9
4
57 86
1 2
73 79
3 4
2
16 19
23 69
3
7 16
4 6
0 3
2
60 62
2 8
4
5 9
13 81
3 4
1 9
3
31 74
1 2
55 56
3
26 29
47 85
2 4
3
0 4
0 9
0 3
4
1 3
30 33
0 2
49 83
2
21 23
19 77
2
10 64
10 64
4
3 5
7 18
1 5
2 3
2
3 5
1 2
4
3 6
81 88
1 3
2 4
2
3 4
6 9
3
1 9
1 9
4 59
3
3 6
3 4
1 9
2
26 29
3 7
3
16 89
2 4
0 2
2
1 6
1 42
4
48 96
0 2
58 87
42 47
3
12 35
63 67
5 7
3
1 2
8 9
5 7
3
2 5
18 21
0 2
3
6 71
84 86
46 83
2
0 2
29 32
3
52 79
22 48
0 2
2
1 8
3 18
2
1 3
67 71
3
8 32
24 48
0 5
2
0 2
2 9
2
4 7
7 8
4
3 4
5 54
3 88
2 3
3
0 5
16 97
7 94
4
0 2
12 23
5 11
6 14
3
5 6
1 2
1 16
4
1 2
15 36
0 25
3 6
2
17 53
0 59
3
0 5
2 3
0 6
3
5 7
2 5
15 96
2
2 6
0 2
2
0 2
2 96
3
20 24
0 8
4 13
2
7 8
59 93
3
56 84
0 2
5 16
2
52 59
4 6
2
1 23
1 6
3
4 99
2 5
3 4
4
5 9
0 7
3 8
1 4
4
2 3
59 93
5 6
11 12
4
2 4
0 2
6 9
15 45
3
2 3
1 4
31 59
4
24 96
10 35
54 94
2 8
2
6 25
0 5
2
2 6
2 4
2
1 2
31 82
2
4 23
0 2
4
8 99
5 21
29 41
10 22
4
2 4
8 14
22 26
1 79
4
79 91
4 7
2 3
62 89
3
63 86
62 75
1 28
4
2 6
0 2
29 59
54 77
4
3 12
35 62
3 4
1 2
3
13 77
6 39
2 7
3
0 3
24 85
5 7
2
5 9
0 5
2
2 3
50 71
3
0 4
22 57
23 53
4
1 4
39 84
7 48
5 19
3
1 4
1 9
1 4
4
79 85
64 95
4 6
40 64
2
1 7
1 4
4
5 8
3 6
30 43
11 83
4
36 65
1 3
1 6
1 2
2
2 4
0 7
3
2 3
7 8
2 3
2
1 2
1 6
2
37 62
24 95
3
3 7
5 6
31 71
3
16 24
1 3
64 88
4
2 5
2 3
39 98
3 4
2
34 36
0 2
2
55 86
17 24
3
27 45
5 24
5 7
4
5 8
1 6
62 95
1 8
3
2 29
0 3
15 21
3
25 54
25 27
2 7
