100
4
2 3
10 25
0 5
4 8
2
0 3
13 91
3
1 2
5 6
0 3
3
0 8
38 39
0 4
3
1 2
0 2
0 45
4
4 7
5 9
5 9
2 5
4
1 4
2 7
0 41
5 9
4
33 78
1 2
2 3
0 2
2
5 9
70 94
3
58 73
2 3
0 2
4
2 6
7 12
1 7
5 6
4
2 3
2 29
12 21
10 36
2
43 49
1 6
2
86 87
0 5
3
9 17
8 9
0 2
3
33 59
0 3
1 3
2
6 7
35 52
4
1 36
2 7
64 86
2 4
3
12 14
1 2
0 58
3
26 33
0 8
4 44
3
24 32
10 26
2 4
4
2 3
71 78
2 63
23 42
4
0 2
0 2
4 6
91 99
3
2 33
6 8
2 4
2
0 5
2 7
2
1 6
7 8
3
4 7
0 4
0 5
3
20 34
32 47
0 2
3
0 6
48 66
20 37
4
78 84
30 57
3 9
1 7
3
6 15
6 9
0 5
2
1 2
19 54
2
31 54
2 34
4
0 2
44 74
11 39
34 46
4
25 78
0 5
1 4
1 2
2
1 3
1 6
3
5 7
5 8
5 56
4
7 9
1 7
20 74
1 3
3
0 5
65 86
3 4
2
49 66
13 54
2
1 3
34 85
4
3 6
5 32
2 63
0 2
3
1 3
0 35
39 83
3
0 4
0 2
40 44
2
4 7
1 3
4
70 76
3 5
2 3
2 4
2
1 7
0 8
2
0 7
63 89
3
1 4
37 64
0 7
4
4 6
7 9
0 7
4 5
2
20 49
0 6
4
1 35
7 8
5 9
48 75
4
15 24
7 8
60 79
39 64
3
50 69
7 46
81 98
3
37 53
7 8
1 6
3
45 72
0 5
2 8
4
0 5
1 7
1 7
1 7
4
33 43
55 59
4 6
0 6
4
2 6
2 5
7 9
4 41
2
4 5
46 73
2
72 87
1 4
4
15 62
47 75
22 31
49 63
4
4 6
45 84
54 69
5 7
4
18 57
5 6
26 67
26 49
4
4 5
7 53
2 3
5 6
3
17 38
1 4
60 92
3
1 3
5 33
4 7
4
26 34
64 83
25 34
0 5
3
5 7
12 41
23 28
3
3 16
6 9
2 7
3
0 8
0 4
28 34
2
3 18
0 5
4
77 97
1 2
76 86
11 12
3
1 2
10 74
0 3
4
6 7
45 94
3 44
49 93
3
0 4
0 4
4 8
4
1 7
29 72
5 6
36 85
2
1 3
3 4
4
65 94
6 13
53 88
2 9
3
3 54
1 2
9 12
2
1 2
22 41
2
12 21
64 92
3
22 27
1 3
36 62
2
26 51
44 88
2
3 9
2 7
4
1 3
4 27
7 8
5 7
3
56 88
0 2
0 9
4
2 3
2 6
50 93
2 3
4
7 8
1 86
1 2
24 37
4
2 7
2 7
78 97
34 75
4
0 9
0 54
0 2
3 5
2
4 5
13 21
2
4 8
0 2
4
1 19
4 6
1 3
2 5
3
31 69
5 8
0 6
2
1 2
3 4
2
9 22
3 6
3
2 3
1 2
5 24
4
10 87
32 36
6 8
23 78
4
18 72
0 6
2 4
27 33
