100
3
28 29
3 9
4 52
2
7 8
1 5
3
0 2
2 5
1 7
2
26 34
68 71
4
97 98
3 15
7 63
1 3
3
0 34
0 2
0 4
4
4 5
4 5
4 5
4 5
2
3 7
6 9
4
24 26
0 2
2 4
13 48
2
31 84
1 3
2
1 5
2 9
4
36 49
0 4
34 41
2 6
2
51 78
0 2
4
5 6
16 36
1 4
68 98
3
0 7
2 6
6 7
2
2 6
3 7
2
0 2
0 2
3
4 15
26 91
6 9
2
1 4
16 62
2
2 3
69 94
3
32 41
30 46
0 3
4
4 5
34 35
0 3
59 65
4
34 46
1 2
1 5
2 23
4
82 83
9 17
1 3
64 88
2
33 51
10 52
3
0 2
4 6
24 29
2
21 98
1 3
3
1 3
2 4
58 89
2
36 63
12 13
4
1 5
7 9
25 54
71 85
4
26 96
2 8
2 8
6 28
3
1 9
0 7
1 4
3
2 74
12 87
54 88
4
2 25
65 84
4 48
1 4
2
11 99
5 6
4
0 2
0 4
45 98
45 82
4
5 9
0 4
6 7
7 48
2
26 85
32 44
4
3 24
37 67
0 9
0 3
3
1 2
13 34
7 27
2
16 28
38 52
2
21 37
2 5
4
2 3
1 2
20 45
20 57
4
1 2
0 2
4 6
2 8
4
2 65
8 9
1 4
2 3
4
4 52
17 42
81 87
23 68
3
30 42
30 61
12 15
3
1 2
0 2
37 73
2
1 3
13 41
3
1 2
82 93
6 56
4
37 46
4 15
23 67
1 6
2
1 8
19 58
3
4 6
24 31
0 5
4
3 8
7 9
10 33
0 2
3
0 4
5 6
4 5
3
2 5
12 13
5 9
2
1 5
6 14
2
3 5
0 2
2
63 68
1 6
3
2 3
18 58
6 7
2
0 3
57 82
2
1 3
3 4
2
2 3
2 4
2
41 43
1 3
4
22 26
3 37
0 6
42 47
2
66 72
2 8
4
24 62
1 9
6 8
53 61
2
6 31
47 55
3
1 2
15 24
3 6
3
3 9
20 56
0 2
3
2 5
2 5
3 7
3
18 45
12 42
0 5
2
2 8
4 6
3
2 9
7 24
2 3
4
2 59
0 7
0 6
0 7
3
7 41
38 54
2 18
3
4 8
4 6
28 48
2
2 9
3 6
2
0 8
15 35
3
49 56
10 72
2 5
4
0 9
4 5
0 9
19 46
2
7 37
49 65
2
17 24
1 2
3
1 16
24 47
87 97
4
0 7
5 9
32 87
20 66
3
19 33
4 6
25 61
4
8 9
1 2
1 2
1 9
4
2 6
14 59
16 52
20 96
2
1 3
3 6
4
3 5
7 47
5 6
5 7
4
29 55
6 8
16 21
9 16
2
24 77
43 56
3
24 42
0 3
24 43
2
17 45
53 63
3
6 39
31 91
19 29
2
10 34
1 2
2
0 2
17 66
3
3 7
44 52
3 7
4
1 2
3 74
3 4
7 8
3
16 57
1 4
1 3
