100
3
1 9
1 3
37 81
2
7 18
52 67
2
6 7
21 33
4
1 55
1 2
17 24
1 4
4
6 46
9 42
1 3
8 11
3
1 8
27 33
49 88
2
1 5
3 53
4
3 6
42 57
4 7
0 5
3
9 23
1 2
0 3
4
28 61
0 3
0 3
24 97
3
72 88
4 6
2 6
4
19 43
1 2
5 13
19 72
3
3 6
0 4
52 79
2
12 94
0 2
2
2 5
37 65
4
0 2
11 89
17 19
3 5
2
9 49
79 91
2
1 9
0 7
2
1 4
43 82
2
1 92
17 28
3
3 93
0 4
0 2
3
2 3
2 3
9 34
4
1 2
1 6
60 71
31 54
4
3 4
1 2
31 54
4 9
3
2 5
55 99
57 68
4
34 82
17 68
2 4
2 79
2
5 69
0 8
3
8 51
21 43
49 77
4
1 9
25 35
35 76
1 9
3
2 3
3 5
18 35
3
2 4
2 6
6 8
4
40 85
72 78
1 9
0 8
3
0 9
38 94
6 7
2
35 57
32 69
4
7 16
4 5
0 6
3 9
2
13 49
0 3
4
4 5
1 9
36 51
1 2
2
70 85
3 5
3
58 99
7 9
3 4
3
5 6
5 6
2 3
3
29 66
46 78
29 82
3
5 7
5 7
2 8
2
49 87
1 2
4
25 98
4 5
0 4
2 5
4
7 65
2 9
1 2
32 58
2
34 75
1 3
4
15 69
0 2
76 96
44 64
4
2 4
6 22
8 9
2 8
4
1 2
5 16
41 52
26 69
2
0 7
1 3
4
3 8
1 3
6 27
0 6
4
60 81
3 9
13 22
5 8
4
1 6
4 17
2 13
31 67
2
17 49
71 81
3
9 99
16 96
39 43
3
8 72
72 74
4 5
4
0 2
2 6
21 98
0 9
4
29 36
69 92
44 57
1 7
3
0 5
29 79
5 7
4
24 55
15 83
0 7
1 2
4
63 81
17 49
3 51
0 3
4
3 6
7 9
1 5
13 17
4
2 6
2 9
28 46
4 8
4
6 8
22 23
0 4
2 4
2
40 89
1 6
4
3 6
2 7
2 7
51 54
3
16 83
66 88
0 7
4
3 8
1 25
3 6
3 9
3
4 8
17 22
29 77
4
38 94
1 6
5 9
1 7
2
19 27
0 2
2
42 43
60 67
3
2 4
4 6
9 13
2
1 6
1 6
3
3 4
4 5
38 45
3
5 11
71 77
74 83
4
1 2
6 9
72 74
0 3
2
0 7
1 5
2
5 6
4 35
3
0 8
41 71
64 96
3
5 9
1 5
4 9
4
46 71
3 9
1 8
0 2
2
0 2
1 9
3
2 6
5 7
4 8
2
4 8
48 58
2
0 2
25 43
3
12 17
2 4
34 81
3
3 5
18 25
1 9
4
34 91
1 8
1 3
21 26
4
4 7
23 24
88 99
1 2
3
70 97
1 8
17 62
3
1 5
3 6
7 8
2
9 34
1 2
4
2 4
3 9
0 2
0 2
3
60 71
12 59
0 8
2
72 81
7 9
3
1 9
1 9
7 78
4
0 2
19 75
1 3
77 91
4
10 68
1 2
12 67
2 17
4
0 3
2 4
2 6
8 59
