100
4
67 92
59 85
3 6
3 6
3
3 7
23 27
35 71
2
4 6
2 7
2
0 4
5 8
2
62 64
0 3
2
8 12
4 8
4
2 4
0 5
5 76
1 2
4
3 5
5 6
50 71
1 2
2
2 4
4 5
3
23 93
1 8
6 7
3
4 7
0 6
0 43
2
1 9
4 6
4
3 7
3 7
32 41
43 86
4
3 8
36 85
51 95
2 89
2
8 44
10 29
4
9 24
9 52
1 8
54 55
4
1 6
0 5
6 68
25 78
4
36 69
2 4
0 2
14 17
2
26 88
13 23
2
18 68
18 34
4
1 4
0 9
21 76
1 5
2
50 53
10 82
4
27 89
3 5
31 85
2 5
4
1 22
20 65
2 9
1 4
3
0 4
73 97
73 97
4
1 6
7 9
0 5
0 2
4
6 8
9 35
2 3
2 6
4
13 59
14 38
45 73
33 74
4
3 5
33 75
1 2
0 9
4
26 56
6 9
1 72
11 59
2
0 4
1 2
3
8 31
43 61
5 29
4
7 23
11 16
63 75
15 26
2
3 5
1 6
3
0 3
58 88
1 6
4
0 58
16 41
11 12
11 88
3
1 2
0 2
55 87
3
1 7
0 3
3 5
3
0 4
8 58
0 22
2
23 89
3 7
2
3 7
2 3
2
12 65
2 55
2
37 93
31 49
2
0 7
17 59
3
41 51
2 6
32 55
4
2 5
7 65
67 79
0 4
3
7 9
7 8
1 3
4
10 16
2 3
84 93
0 8
4
15 91
15 18
15 56
0 3
3
8 11
2 4
7 8
4
1 2
3 9
3 9
5 7
4
0 2
0 8
24 67
2 3
3
1 2
1 2
32 35
4
1 5
1 15
2 8
6 7
2
1 8
25 56
3
16 51
27 42
0 6
3
30 72
2 5
0 6
3
21 33
6 9
0 3
2
1 22
1 22
2
44 71
3 54
3
1 7
62 99
43 98
3
1 8
0 7
11 52
4
21 34
0 9
2 9
5 42
4
25 53
11 62
29 65
1 2
3
2 4
6 8
0 2
2
21 57
1 2
4
4 7
0 4
11 15
0 4
4
1 3
4 69
35 91
1 2
4
4 5
0 2
31 35
1 2
2
3 5
12 27
2
0 6
0 9
2
1 4
31 33
2
1 7
1 9
3
58 63
28 39
14 41
3
1 4
5 12
2 3
3
1 2
3 4
0 2
4
12 18
33 41
2 4
4 7
3
7 9
1 6
1 4
2
16 78
18 34
3
33 92
0 2
71 99
2
0 3
5 9
4
14 24
34 35
1 6
0 2
4
4 19
6 8
1 9
38 78
3
50 59
0 51
0 18
4
11 54
11 72
5 6
2 9
3
4 6
1 3
4 8
4
2 4
15 35
2 3
80 93
2
60 69
0 8
3
29 34
60 66
14 92
2
5 7
1 4
4
0 8
15 45
0 6
4 5
4
0 3
4 9
5 8
54 88
2
26 38
36 64
4
5 9
29 69
2 3
11 51
4
0 2
6 25
24 46
0 3
3
48 78
12 24
34 37
3
25 34
8 17
3 5
4
1 3
2 4
11 44
31 37
2
2 4
13 26
2
28 59
0 8
