100
4
0 9
0 9
2 4
43 58
3
25 71
3 7
32 61
4
0 2
1 6
1 4
2 3
2
27 58
2 7
2
0 2
0 24
3
6 9
1 9
5 7
4
6 8
2 4
26 62
42 58
3
20 34
0 2
20 58
3
5 6
6 7
3 4
2
2 7
1 5
4
8 18
5 9
5 69
3 27
4
53 96
0 5
8 23
4 7
4
8 56
8 63
1 5
0 2
4
1 4
5 8
74 83
21 64
2
2 38
4 6
4
16 45
3 7
4 5
0 2
2
6 7
4 6
2
13 16
3 6
3
1 2
1 44
1 4
4
0 3
21 44
0 3
5 74
3
4 9
25 97
34 86
3
31 37
1 9
0 13
2
0 4
0 6
2
3 4
3 5
4
0 5
11 25
1 9
1 18
2
54 93
2 5
4
0 5
2 7
2 7
69 79
3
1 2
0 5
4 6
4
45 61
3 9
9 17
66 93
4
2 5
0 7
0 7
2 9
2
35 84
11 12
4
25 35
4 9
2 9
77 89
3
0 3
3 8
3 8
4
48 85
27 42
12 27
65 68
2
1 5
1 2
3
3 4
95 98
41 82
2
6 7
16 22
2
3 4
3 9
2
11 23
2 8
3
16 24
3 7
2 8
4
1 2
4 7
1 8
15 17
2
0 7
0 4
2
28 71
2 6
4
1 3
1 2
7 9
48 76
3
24 31
3 8
43 44
4
1 5
5 7
67 79
13 21
3
5 8
0 4
2 3
2
56 66
4 16
4
2 6
31 87
13 93
3 85
2
5 6
2 4
3
57 73
50 64
26 83
2
46 62
0 3
2
67 98
1 2
3
32 67
8 18
12 28
4
0 3
83 87
55 61
53 56
4
0 7
32 63
26 48
25 91
3
9 11
5 7
0 3
4
0 4
15 83
0 5
0 4
3
8 58
1 7
27 37
4
12 22
22 32
2 4
4 5
4
2 4
3 28
1 2
2 5
3
7 77
1 8
3 6
2
6 22
1 9
3
0 43
5 7
0 3
3
28 61
2 3
7 17
2
38 57
68 86
4
1 4
69 73
44 77
0 4
2
8 15
4 5
2
24 25
2 3
2
2 8
0 2
4
8 85
7 9
1 6
22 57
3
21 28
0 36
24 61
2
11 43
31 37
4
20 69
4 5
67 73
0 2
4
2 3
3 8
53 66
5 6
4
2 16
8 9
2 24
1 31
2
5 8
3 6
2
2 8
4 35
3
4 5
4 5
56 64
3
2 73
11 35
2 5
3
3 4
11 64
1 6
2
0 5
63 92
2
5 8
6 67
4
29 66
7 13
4 5
1 2
3
21 23
77 82
41 56
2
7 9
35 84
2
3 8
45 58
2
4 7
2 5
4
19 69
34 72
2 56
13 41
4
7 8
2 8
26 54
21 33
4
58 84
59 98
34 92
3 4
4
1 3
12 34
46 51
9 41
3
6 7
20 42
1 5
4
20 89
0 8
8 84
0 2
4
3 22
1 2
69 77
27 48
4
4 6
77 81
2 7
29 52
2
19 31
18 57
4
7 8
1 3
2 4
77 96
2
2 6
0 55
4
3 6
6 92
4 49
2 9
