100
2
2 12
2 9
4
9 12
3 89
44 64
3 4
2
42 74
1 4
3
7 9
7 13
4 9
4
17 38
32 34
55 91
1 8
4
1 2
5 8
51 69
3 6
3
18 21
1 2
12 37
2
0 3
8 16
4
1 4
1 2
3 6
0 21
4
0 4
37 41
5 35
4 6
2
1 3
1 6
3
1 7
8 9
52 65
2
4 5
2 6
2
11 68
2 3
4
7 8
0 3
7 77
4 7
2
1 2
19 21
4
40 57
4 5
59 65
14 55
4
77 79
44 96
3 47
4 14
3
26 67
0 4
2 5
3
2 9
4 5
1 4
2
6 88
12 37
2
0 7
3 6
3
4 5
4 5
1 5
4
0 2
7 51
5 9
2 3
3
1 6
1 87
1 6
4
2 8
1 5
70 98
32 53
3
18 23
4 9
3 6
2
10 52
6 8
3
11 15
3 5
0 8
2
0 4
0 9
3
8 15
2 4
1 4
4
2 18
2 6
0 4
2 3
3
2 4
4 6
10 28
4
20 46
14 51
29 83
26 45
4
6 27
2 7
5 12
4 5
3
1 2
72 83
11 36
4
0 5
0 7
0 8
0 3
4
5 6
5 6
3 8
23 27
3
1 2
0 3
0 3
3
1 22
1 29
1 4
2
11 19
1 7
2
47 51
5 23
3
0 2
1 2
2 4
4
59 79
33 63
0 2
6 45
2
97 98
2 5
2
35 64
82 86
2
5 25
5 6
2
1 7
19 38
3
1 4
5 59
1 2
2
9 16
3 5
2
8 9
2 26
4
0 9
3 5
0 9
0 2
4
0 2
3 5
43 45
28 79
4
2 3
27 34
59 77
0 93
4
0 7
8 43
9 29
41 64
3
2 7
84 96
0 2
3
4 8
68 84
12 73
2
1 8
3 4
4
1 2
2 9
29 63
28 31
4
2 7
5 7
3 6
12 18
2
18 51
1 2
4
3 4
0 2
25 57
3 7
4
17 33
70 94
2 6
2 15
2
6 9
78 99
4
26 56
2 8
0 2
2 3
4
0 2
2 3
0 8
1 7
3
0 3
1 2
50 95
4
1 36
26 67
0 5
3 15
2
33 72
17 22
2
52 53
29 89
3
61 96
0 3
18 48
3
45 49
0 8
56 64
4
11 18
3 5
8 18
14 21
3
2 4
4 8
11 36
2
4 5
1 18
2
0 2
6 62
4
13 33
0 16
3 7
30 47
4
2 4
4 8
3 9
2 5
3
2 3
55 66
6 14
3
6 7
30 54
10 15
2
5 8
1 4
3
3 5
48 89
33 88
3
0 3
54 78
12 38
3
0 6
7 9
83 96
4
6 8
2 6
0 2
76 79
2
4 7
19 51
4
0 3
1 5
1 6
69 84
2
23 81
11 34
3
2 9
5 12
2 9
2
0 5
25 43
3
46 51
14 26
8 14
4
2 69
46 88
2 3
2 44
3
63 97
0 8
0 2
4
1 2
47 59
0 8
0 2
4
0 2
1 3
1 2
21 54
2
5 33
28 97
2
10 17
60 92
4
0 5
22 41
5 9
34 58
4
0 3
0 2
3 5
1 6
2
5 6
2 5
