100
3
0 4
22 67
1 5
3
3 5
1 3
3 5
4
54 69
5 6
6 9
2 5
4
1 5
1 3
0 2
2 4
3
7 8
3 4
7 8
2
1 44
27 57
2
1 4
1 2
3
0 9
60 64
12 44
2
3 6
40 67
2
6 9
3 6
2
0 5
13 66
2
7 8
9 43
4
23 29
4 7
1 5
6 9
2
7 9
0 4
2
2 5
5 9
2
33 67
2 3
2
10 37
1 3
3
3 6
73 76
7 8
3
37 49
2 7
27 58
2
1 3
28 72
2
20 31
12 17
2
17 51
2 3
3
21 54
38 69
31 54
4
43 51
1 3
40 92
40 92
4
0 2
2 3
1 9
46 48
2
40 47
50 86
4
1 2
61 62
3 4
1 6
2
19 33
1 8
4
2 3
20 97
5 9
5 9
4
34 78
16 37
30 44
23 35
4
1 2
51 93
3 8
1 2
2
0 2
4 7
4
4 6
7 9
9 79
94 95
4
72 73
7 8
0 7
3 5
3
0 5
6 9
0 8
4
22 98
1 5
33 78
0 4
4
3 8
1 7
5 7
0 83
3
3 8
23 34
27 62
4
1 4
0 4
22 85
7 28
4
2 6
2 5
2 5
32 45
3
7 9
51 58
1 2
2
37 58
4 5
4
8 59
3 39
3 4
0 6
3
4 8
2 6
64 91
4
18 61
1 6
5 7
1 5
2
0 21
1 5
4
2 29
53 87
1 3
1 8
4
2 5
2 3
1 3
3 85
4
0 2
2 4
4 6
2 8
4
1 8
1 8
5 7
25 64
3
3 4
1 3
7 9
2
1 2
15 46
2
1 3
3 6
4
69 98
8 28
12 39
37 51
3
7 9
1 8
1 3
3
1 2
3 6
3 6
3
51 97
7 8
1 11
2
10 48
2 7
4
1 2
1 3
53 55
1 2
3
1 2
5 7
4 9
4
48 79
6 11
18 21
4 5
3
34 59
25 38
2 3
3
2 5
31 56
19 67
3
7 9
4 8
6 8
3
2 7
30 49
1 6
2
4 7
3 65
4
17 26
63 82
2 9
2 3
2
37 53
59 73
3
27 46
48 87
2 6
3
3 7
35 69
3 7
2
6 46
6 7
2
0 4
3 9
2
47 75
2 4
3
0 2
0 8
2 5
3
36 44
4 58
2 7
2
9 13
62 75
4
26 89
2 4
22 25
6 24
2
0 8
2 5
4
0 4
3 8
50 58
17 43
3
1 6
13 58
49 81
3
13 15
1 2
3 5
4
39 67
0 3
2 4
46 56
3
0 2
17 21
40 46
2
4 89
4 7
2
7 8
11 26
2
5 42
0 2
2
6 8
6 63
4
0 4
13 29
3 6
36 83
2
23 34
35 69
4
3 5
93 95
52 77
33 59
2
36 48
6 21
3
22 67
95 98
1 3
3
2 4
13 35
1 8
4
52 54
51 52
3 4
3 9
3
4 9
13 18
33 41
3
10 68
12 27
1 3
2
9 25
5 6
3
3 5
1 4
0 8
2
1 5
1 5
3
1 2
1 2
39 68
