100
4
20 92
2 6
3 5
4 9
4
38 69
5 27
2 3
5 81
2
4 7
0 2
3
1 6
0 8
22 66
2
0 2
0 2
2
5 7
1 68
2
7 42
0 6
4
1 5
20 41
0 4
8 9
2
1 2
6 7
2
4 9
1 4
3
0 8
7 38
59 77
2
14 92
2 8
4
22 78
0 9
3 6
22 69
4
64 65
3 4
4 7
21 51
2
13 23
1 4
3
32 36
16 82
11 52
4
5 8
24 29
1 2
2 7
3
3 5
0 9
0 2
3
3 5
1 2
1 39
4
42 47
0 2
6 8
0 3
3
1 69
36 43
31 44
2
1 8
2 3
3
11 34
4 9
1 3
2
0 6
15 65
2
0 2
4 6
4
1 2
3 5
46 55
3 97
3
35 63
84 91
2 5
4
8 43
2 6
7 53
0 7
3
7 8
2 3
8 9
3
56 73
4 5
3 4
2
0 3
1 7
2
65 66
8 9
2
0 5
20 89
3
0 53
42 73
72 99
2
7 9
1 2
3
16 19
2 6
81 91
2
3 4
35 44
2
2 5
21 93
4
2 7
23 33
1 2
0 5
3
5 92
5 6
7 17
3
0 2
2 7
2 6
4
2 8
35 42
12 16
7 9
4
4 7
3 4
27 72
39 98
3
11 35
6 9
1 5
4
3 8
3 8
3 4
3 5
4
4 6
12 16
0 2
4 8
3
1 2
38 46
25 58
2
3 5
42 81
3
69 82
30 31
13 14
3
2 7
7 8
7 9
3
0 4
62 65
1 2
2
37 91
0 9
2
19 69
0 4
3
1 4
2 7
2 3
3
28 86
3 7
0 2
4
3 5
18 49
4 7
2 9
2
3 5
1 21
4
8 9
47 71
0 2
11 51
4
19 84
1 2
11 52
19 84
3
17 29
4 7
4 5
2
47 81
0 2
2
3 12
1 2
3
3 8
3 46
3 6
4
26 63
7 8
47 66
3 4
3
1 7
0 6
3 4
4
3 4
4 6
5 37
0 3
2
27 31
6 69
4
6 7
2 4
6 7
45 75
4
3 25
1 6
13 43
7 12
3
6 37
4 15
4 8
3
19 62
10 12
0 5
2
4 5
1 9
2
2 7
33 46
3
5 8
1 3
1 2
2
13 51
10 14
2
3 7
17 98
2
5 8
25 57
2
14 65
2 5
4
0 3
1 6
4 9
8 9
2
0 3
23 32
3
21 34
37 38
87 93
2
34 88
0 9
2
3 7
3 4
3
1 7
7 9
1 3
4
9 11
78 97
27 48
34 61
4
4 8
26 73
4 8
11 15
2
0 35
11 52
3
85 86
26 62
36 64
2
0 6
30 48
4
15 58
7 8
18 97
0 3
4
8 47
1 5
5 8
32 43
2
1 2
59 72
2
6 7
3 7
3
0 7
4 6
0 5
2
5 6
26 38
4
6 7
1 5
0 4
1 2
2
1 2
21 82
4
2 8
2 8
11 47
0 6
3
5 6
1 4
8 9
4
35 68
13 72
2 39
2 3
