100
3
1 2
1 2
47 94
2
1 3
1 4
3
5 8
2 5
66 89
3
7 28
2 5
7 13
2
19 94
3 7
2
1 2
29 77
3
2 3
18 86
34 94
4
38 52
0 3
4 8
5 7
2
2 7
4 6
3
1 9
27 46
0 5
3
1 5
44 51
2 6
4
2 5
2 3
2 3
11 47
4
2 4
4 7
20 83
11 13
3
0 8
2 6
0 2
2
1 4
16 84
2
0 4
3 7
2
30 65
4 8
2
2 4
4 6
2
7 29
1 8
3
0 5
4 8
20 24
4
3 7
0 5
46 77
37 51
2
1 9
21 53
3
14 31
3 5
29 94
2
4 5
7 8
3
1 6
19 37
61 87
2
5 6
5 6
2
2 5
1 8
4
3 4
4 5
2 3
3 5
2
1 6
1 2
2
65 99
0 7
2
1 8
0 2
4
2 5
13 22
2 5
2 7
3
57 62
7 9
0 5
3
37 62
20 54
9 91
4
4 9
4 8
1 6
40 42
4
0 2
58 78
7 17
0 4
4
0 2
24 33
6 9
42 72
3
3 8
35 36
47 49
2
1 3
1 2
3
2 97
36 48
0 2
2
0 8
34 53
4
2 4
18 55
21 86
2 5
3
47 59
17 18
0 29
3
1 5
5 9
45 74
2
0 13
15 83
3
58 61
2 8
0 99
2
13 55
2 8
2
81 98
13 38
2
2 6
56 98
2
3 6
4 9
2
9 21
0 72
4
53 89
55 68
5 9
7 8
2
64 82
0 3
4
9 31
5 6
53 78
7 8
4
1 2
5 8
1 8
16 29
4
0 4
0 3
4 5
3 4
2
2 6
0 2
4
3 7
4 5
0 3
4 5
4
2 8
1 9
35 73
1 3
3
0 14
44 87
0 3
2
40 43
33 67
2
40 78
4 8
2
4 8
4 5
4
36 82
0 3
0 9
0 9
3
5 12
2 3
2 39
4
28 63
64 69
7 14
1 6
4
56 85
6 9
1 2
2 78
3
8 41
11 94
1 2
2
1 3
1 2
4
14 19
44 62
36 89
51 67
3
39 48
5 7
58 65
2
0 2
65 89
4
62 67
4 5
4 5
3 4
2
83 91
1 8
4
1 4
28 53
8 21
42 95
3
62 83
1 3
1 3
4
1 5
28 79
1 5
0 8
3
2 5
8 69
0 2
4
16 28
66 98
37 64
84 98
4
3 6
1 4
51 55
33 36
3
2 5
10 13
8 23
3
75 77
20 22
9 11
2
5 6
34 54
2
8 34
2 8
4
0 28
1 9
2 9
5 73
4
20 33
52 64
4 5
0 7
2
2 7
2 14
4
18 42
34 83
3 4
23 36
3
2 9
60 74
2 4
3
56 65
3 7
1 5
2
7 9
69 82
2
6 8
2 9
4
4 5
73 78
20 22
22 35
3
1 4
9 51
23 46
3
49 62
7 8
1 5
2
0 9
1 8
2
4 9
0 2
4
1 6
30 55
0 7
1 2
4
3 4
1 2
3 6
29 44
4
6 7
15 51
15 51
20 89
