10 100
109129356022782291212722526690242289458906837975636846309033674568143602613583 37674966991348851485279783102950897606082707624896773755347661859846539089333
38758697434187615522221552062801605984545265298858071583015444866193642423843 50077733956268889850788132589346244121143944225635604446478409758219359577389
21105934175268210608904518035115270964286353848532775006255384256948084919346 87896175179551116874573705333830153140216141754945824954999906035647342725689
17737479528320751982125541045850621915551812887107245164956951884235508556928 102323033070168354332569729144402645468850017898422088319762654165537241860106
35717314857334453652941108983239861187853700431929662677428365792334129756244 60234987358455145056730693408720126993932094808691049817391763115260574423170
23838359521255753175141522203445939980042158326608942021868453246980000129268 112585533528213614057210567246715107842101702696722869889286964798642214725201
421642089047603959137050424946260251452164623331506296729284096024922739212 104307159590988323564826613873342984353084715448323737460719629027248467632526
100418376759511806766079467848408776206536360221151933524187786612412173544809 79054934302563409503980520710068602582414877084071890261666427014682385959680
91601112584194333700137214790826732290186792715112021555735083199709652100064 38612456329046494827849845834766899500811341558988788646555373992128239086965
44528736697727943724275275453796721182225394007794547254689465498217031394072 65121784900741647610174515786042447156935883042661694612606368303065031330859
38758697434187615522221552062801605984545265298858071583015444866193642423843 50077733956268889850788132589346244121143944225635604446478409758219359577389 59840768603414527781776414618542575229680130275511267189220855957596403659322 27142841166284503612137066916570053103762841187662319331099017007297126583283 92546524398424501077518913787438079721980137010501535249258826689889797973220 24163360342374248141601738467385627721460508822993272820037515978130285007058
44287682142350300724862867977841479442604663539109805125777562807139759700292 56313426947070677725587260525934465803218923086529276814855322111609643204137 17737479528320751982125541045850621915551812887107245164956951884235508556928 102323033070168354332569729144402645468850017898422088319762654165537241860106 114903013774010113317572921635824567102242393823360206850828173427651494108413 71846719587101849440367498478713954180171963910138687538051143398056657603993
109129356022782291212722526690242289458906837975636846309033674568143602613583 37674966991348851485279783102950897606082707624896773755347661859846539089333 73362366995193799555170974001631259035405369591744536050306822974847238287364 106791208435611881256671268838685724151750381320738793758627330161019457264646 94209162094106140546623777522959961262299478400227513164116675718847212724154 88063024301253337633508595330139293852729795095048776512248482451227657472529
48992070043446325208799684203366266295716744847038301775112789207080764494511 115193467629823311465447402437563293254576431204068792988647740320715071919227 35717314857334453652941108983239861187853700431929662677428365792334129756244 60234987358455145056730693408720126993932094808691049817391763115260574423170 91674976180616346832315705598906551981745743256141925165854450880246284909659 10266487558867928189327618477408840285830481317720576746174321078376178364457
38758697434187615522221552062801605984545265298858071583015444866193642423843 50077733956268889850788132589346244121143944225635604446478409758219359577389 24217284766738986212497354964000780983823273126591258904454093171207345754151 23586835332404698776410856647009197007953290744880330352967398793701909167709 92633280141321506335613837208247803766469018643036045312304328111053925967611 114711752602930921482577086076937491559118925302948156811169716624376218934943
38758697434187615522221552062801605984545265298858071583015444866193642423843 50077733956268889850788132589346244121143944225635604446478409758219359577389 2102166139152459391818622170494812183465535108048301019733385223111607135311 76397727350764814319040961887932981954746807313812642179389938922109961251635 108820973934798235802822492672563654300724945919334426042904557753052618516042 23493626653710127158736032499961561080134487409353988142574124879757197478969
75058121776278398893304591589169171547150396565066676740960560041184129428964 5116372604642405932257192990108621462250441690206866358794013491384297990404 35717314857334453652941108983239861187853700431929662677428365792334129756244 60234987358455145056730693408720126993932094808691049817391763115260574423170 76508696306568283172006057375778160013809016205492411005775287811790895680637 101604284216778323986853681166752759961685600720259143925384577025212957248214
91601112584194333700137214790826732290186792715112021555735083199709652100064 38612456329046494827849845834766899500811341558988788646555373992128239086965 44287682142350300724862867977841479442604663539109805125777562807139759700292 56313426947070677725587260525934465803218923086529276814855322111609643204137 90590431783953700246347969279703100305240686542667853344787157812082644719245 54848078083509108964611044296909252964051494424007276158454232957352036662649
100418376759511806766079467848408776206536360221151933524187786612412173544809 79054934302563409503980520710068602582414877084071890261666427014682385959680 59840768603414527781776414618542575229680130275511267189220855957596403659322 27142841166284503612137066916570053103762841187662319331099017007297126583283 22554941387860600848300191976511012594987273374054034692233365640412140380437 27616996762067898762497418282505032936781368207338041529850983684702612510076
109129356022782291212722526690242289458906837975636846309033674568143602613583 37674966991348851485279783102950897606082707624896773755347661859846539089333 23838359521255753175141522203445939980042158326608942021868453246980000129268 112585533528213614057210567246715107842101702696722869889286964798642214725201 29260494102921507434339755364750987826359181818323745307485589071991034529534 20975886662384180482059921455130603343553783913157340610875405266254905370469
100418376759511806766079467848408776206536360221151933524187786612412173544809 79054934302563409503980520710068602582414877084071890261666427014682385959680 21105934175268210608904518035115270964286353848532775006255384256948084919346 87896175179551116874573705333830153140216141754945824954999906035647342725689 34576589260862278955440024507627642854003570939170728808385696345756948659421 52866210846823181381854736756213607938505271722498815857580042842376056425563
99571950942290126169489733666043649825142286135545687956864085260437538575584 10675765969573610361660339580981426273351591213285254878069121685662609798720 38758697434187615522221552062801605984545265298858071583015444866193642423843 50077733956268889850788132589346244121143944225635604446478409758219359577389 46712392675603665621194299433248556536113657702521843627345397591785914829501 62677790393956207096253792566014356057349662081163395443040792963947076138419
21105934175268210608904518035115270964286353848532775006255384256948084919346 87896175179551116874573705333830153140216141754945824954999906035647342725689 17737479528320751982125541045850621915551812887107245164956951884235508556928 102323033070168354332569729144402645468850017898422088319762654165537241860106 21639866978309644733186033806060894729365541688123579336378943250029716703326 107077903002995488558968735746917680386780948521814957361081915944166762005500
100418376759511806766079467848408776206536360221151933524187786612412173544809 79054934302563409503980520710068602582414877084071890261666427014682385959680 73362366995193799555170974001631259035405369591744536050306822974847238287364 106791208435611881256671268838685724151750381320738793758627330161019457264646 17442741192533914820621779552929522519747604929770963527970088972647713821746 37368042010991873041673909878947115237774479210011788487095822428053549666743
100418376759511806766079467848408776206536360221151933524187786612412173544809 79054934302563409503980520710068602582414877084071890261666427014682385959680 17737479528320751982125541045850621915551812887107245164956951884235508556928 102323033070168354332569729144402645468850017898422088319762654165537241860106 47426866798353901933110616949047913640206899447349168458008388390649005994826 87312886693886728559724760286445626424520576648598160722646109081942399987496
21727527175211422551268526459581655710402016217287644019286624022189367930080 81817977527701497602907549465180499402643792435466749023641162576547394790170 44287682142350300724862867977841479442604663539109805125777562807139759700292 56313426947070677725587260525934465803218923086529276814855322111609643204137 39732281943393917146560934586751702486937819822117113142869112330063545716246 72329364279939521648040736214359196812021018804613647441954930188826928285519
75058121776278398893304591589169171547150396565066676740960560041184129428964 5116372604642405932257192990108621462250441690206866358794013491384297990404 35717314857334453652941108983239861187853700431929662677428365792334129756244 60234987358455145056730693408720126993932094808691049817391763115260574423170 6663050939899750484669428546856699190362905107927089045379686253301714422684 53353968647009335771727923233122725393259481075328005732723924524958306812419
100418376759511806766079467848408776206536360221151933524187786612412173544809 79054934302563409503980520710068602582414877084071890261666427014682385959680 2102166139152459391818622170494812183465535108048301019733385223111607135311 76397727350764814319040961887932981954746807313812642179389938922109961251635 28293538612499009800606356816460666975084770039332169117186469808059983628633 66745988600582449292749289488867941764387127858416667560267468153032442821787
2102166139152459391818622170494812183465535108048301019733385223111607135311 76397727350764814319040961887932981954746807313812642179389938922109961251635 109129356022782291212722526690242289458906837975636846309033674568143602613583 37674966991348851485279783102950897606082707624896773755347661859846539089333 63082816611104300989062873953498530813682283101072593493805769181733905401043 50559797411874528571834309143468975692217883802986714155766759730584010705552
91601112584194333700137214790826732290186792715112021555735083199709652100064 38612456329046494827849845834766899500811341558988788646555373992128239086965 421642089047603959137050424946260251452164623331506296729284096024922739212 104307159590988323564826613873342984353084715448323737460719629027248467632526 39794786742014315558505582447897462987069323844950960585896094561528966158755 46319033419517597727940886429969789482256954339768980677396157713079330847025
44528736697727943724275275453796721182225394007794547254689465498217031394072 65121784900741647610174515786042447156935883042661694612606368303065031330859 21727527175211422551268526459581655710402016217287644019286624022189367930080 81817977527701497602907549465180499402643792435466749023641162576547394790170 80207370465916577350489690956616477035881699748254135008812110353189814560538 63314685928953259712702927857895416108707980890544000021882338723074277373957
73362366995193799555170974001631259035405369591744536050306822974847238287364 106791208435611881256671268838685724151750381320738793758627330161019457264646 109129356022782291212722526690242289458906837975636846309033674568143602613583 37674966991348851485279783102950897606082707624896773755347661859846539089333 103282489875104223949870133367749423676939030771148948672482241512156664344627 27315506279626599179313195940013971713010589555965638011396970385913856592787
38758697434187615522221552062801605984545265298858071583015444866193642423843 50077733956268889850788132589346244121143944225635604446478409758219359577389 73362366995193799555170974001631259035405369591744536050306822974847238287364 106791208435611881256671268838685724151750381320738793758627330161019457264646 5752649880597666605686569080825171006440386409991175252462719175452965374458 62843417734342765723118494109314288951849226122784156285042305917100485714718
21727527175211422551268526459581655710402016217287644019286624022189367930080 81817977527701497602907549465180499402643792435466749023641162576547394790170 91601112584194333700137214790826732290186792715112021555735083199709652100064 38612456329046494827849845834766899500811341558988788646555373992128239086965 15610493201742150141542252439812686839325343651987085445856047229438859257331 30612958406766123211966603703082351434936363301744641645480746801191589832813
48992070043446325208799684203366266295716744847038301775112789207080764494511 115193467629823311465447402437563293254576431204068792988647740320715071919227 100418376759511806766079467848408776206536360221151933524187786612412173544809 79054934302563409503980520710068602582414877084071890261666427014682385959680 100248335595930799649091693449312724258868486150940418802520277059931725972992 103011213348611152024581968626822827149155656220281959566335252783388842771579
21105934175268210608904518035115270964286353848532775006255384256948084919346 87896175179551116874573705333830153140216141754945824954999906035647342725689 44287682142350300724862867977841479442604663539109805125777562807139759700292 56313426947070677725587260525934465803218923086529276814855322111609643204137 70755774556737813894699339155501635054832439154377600865998972633938539432607 31606068208587495692614631317579413394074528320393810948491526335617554058384
68797754801493519290152633844779326410217908566956999451000962766755980670466 102798334373195912239466972734243379800411897401396207295356111512304329992664 99571950942290126169489733666043649825142286135545687956864085260437538575584 10675765969573610361660339580981426273351591213285254878069121685662609798720 93760740138400820711575961355699254764635790571605298178219536213255721794868 19939971455479158928910475378010577376321374554120249772602118143094074507953
73362366995193799555170974001631259035405369591744536050306822974847238287364 106791208435611881256671268838685724151750381320738793758627330161019457264646 44287682142350300724862867977841479442604663539109805125777562807139759700292 56313426947070677725587260525934465803218923086529276814855322111609643204137 96057950699480277444197834405178453473190009798470825369213201218736156017892 20100964849437239734356769789497618602044215022590315746937817427511494127323
109129356022782291212722526690242289458906837975636846309033674568143602613583 37674966991348851485279783102950897606082707624896773755347661859846539089333 38758697434187615522221552062801605984545265298858071583015444866193642423843 50077733956268889850788132589346244121143944225635604446478409758219359577389 114104263748524867157113521118998935742431270942361828706081601362396040233879 35435103493732407224053858345954336952610082493209318404186016383130488645246
24217284766738986212497354964000780983823273126591258904454093171207345754151 23586835332404698776410856647009197007953290744880330352967398793701909167709 44528736697727943724275275453796721182225394007794547254689465498217031394072 65121784900741647610174515786042447156935883042661694612606368303065031330859 34535116753973236144462375254652604374209471563689811192559154169825263022625 41937350908619805077459064589985947584895428231296712109930917110959222821906
2102166139152459391818622170494812183465535108048301019733385223111607135311 76397727350764814319040961887932981954746807313812642179389938922109961251635 23838359521255753175141522203445939980042158326608942021868453246980000129268 112585533528213614057210567246715107842101702696722869889286964798642214725201 91576203862560769742999021832230878633567545908389429749706901356270111745046 26828274165771622184223685711879410375776506012282135334597874412720323789881
421642089047603959137050424946260251452164623331506296729284096024922739212 104307159590988323564826613873342984353084715448323737460719629027248467632526 48992070043446325208799684203366266295716744847038301775112789207080764494511 115193467629823311465447402437563293254576431204068792988647740320715071919227 15348130674738295730381079160870544359602374560524398130076710486927183172122 105089261573327870341002990372466637447700940656058955255301516966600280078799
23838359521255753175141522203445939980042158326608942021868453246980000129268 112585533528213614057210567246715107842101702696722869889286964798642214725201 59840768603414527781776414618542575229680130275511267189220855957596403659322 27142841166284503612137066916570053103762841187662319331099017007297126583283 6805774397157849232569106966082674553529144512450307075813721054071583940385 107364119775963105226931329564846299938568578219296658360341050981358335621674
35717314857334453652941108983239861187853700431929662677428365792334129756244 60234987358455145056730693408720126993932094808691049817391763115260574423170 68797754801493519290152633844779326410217908566956999451000962766755980670466 102798334373195912239466972734243379800411897401396207295356111512304329992664 88499392087202268221321164930320778076388735361990450088721557048263993082214 106765357707986716256024413371377585790470203183235421739157404583871843007590
2102166139152459391818622170494812183465535108048301019733385223111607135311 76397727350764814319040961887932981954746807313812642179389938922109961251635 48992070043446325208799684203366266295716744847038301775112789207080764494511 115193467629823311465447402437563293254576431204068792988647740320715071919227 76815631111626175036815102685541086572131290006473992211951495518272433619791 59071335006668680238736365521258377170452050702084435907609279512007127463415
75058121776278398893304591589169171547150396565066676740960560041184129428964 5116372604642405932257192990108621462250441690206866358794013491384297990404 73362366995193799555170974001631259035405369591744536050306822974847238287364 106791208435611881256671268838685724151750381320738793758627330161019457264646 103978577302211693258912707181609547356206054648325788467861947121453949596526 66542943117623580114783976940045454941667637508757437216705902015347341875948
35717314857334453652941108983239861187853700431929662677428365792334129756244 60234987358455145056730693408720126993932094808691049817391763115260574423170 99571950942290126169489733666043649825142286135545687956864085260437538575584 10675765969573610361660339580981426273351591213285254878069121685662609798720 43921768808101609691290211106093980631016545922825321158568184142358014670715 79594378815995922055435039552222232316077610165108216255496661961341961039151
100418376759511806766079467848408776206536360221151933524187786612412173544809 79054934302563409503980520710068602582414877084071890261666427014682385959680 75058121776278398893304591589169171547150396565066676740960560041184129428964 5116372604642405932257192990108621462250441690206866358794013491384297990404 49526331955319254850978434339710413890760505917248462469338579080147202114566 54749378602368289998023701017889885858076946398837444611354289352020941479706
44287682142350300724862867977841479442604663539109805125777562807139759700292 56313426947070677725587260525934465803218923086529276814855322111609643204137 21727527175211422551268526459581655710402016217287644019286624022189367930080 81817977527701497602907549465180499402643792435466749023641162576547394790170 53683575858076084861490667285745827160386771524511418205347366155553476571490 24307499509246449117538811828993780888219383843983597245213903736652391903786
24217284766738986212497354964000780983823273126591258904454093171207345754151 23586835332404698776410856647009197007953290744880330352967398793701909167709 35717314857334453652941108983239861187853700431929662677428365792334129756244 60234987358455145056730693408720126993932094808691049817391763115260574423170 60907290780133932748645707177099920597862135891693113613885230250333945620645 40890466100066638713824645357480241049600815968019599517268323683141949132716
21727527175211422551268526459581655710402016217287644019286624022189367930080 81817977527701497602907549465180499402643792435466749023641162576547394790170 17737479528320751982125541045850621915551812887107245164956951884235508556928 102323033070168354332569729144402645468850017898422088319762654165537241860106 6484333169642779959225335639066085841384408083115018888723887756117000354025 16644187505938156074695331199108852474024969228780842413272742674122959249349
109129356022782291212722526690242289458906837975636846309033674568143602613583 37674966991348851485279783102950897606082707624896773755347661859846539089333 59840768603414527781776414618542575229680130275511267189220855957596403659322 27142841166284503612137066916570053103762841187662319331099017007297126583283 93682615155196468990945305772500208469959145096690826274750743517715216222357 57150709873585748963117548338784936211656295847771456991559542556571680190550
68797754801493519290152633844779326410217908566956999451000962766755980670466 102798334373195912239466972734243379800411897401396207295356111512304329992664 48992070043446325208799684203366266295716744847038301775112789207080764494511 115193467629823311465447402437563293254576431204068792988647740320715071919227 21855624881628623449884329838964349614777116877867344351304086452341317449954 30629004662233586869374862534157309466405025796867446751785572442840417547662
109129356022782291212722526690242289458906837975636846309033674568143602613583 37674966991348851485279783102950897606082707624896773755347661859846539089333 21727527175211422551268526459581655710402016217287644019286624022189367930080 81817977527701497602907549465180499402643792435466749023641162576547394790170 31490047232713424908900091899546717121688672248365762374288755589371063705790 74263339803994083279515973828763585717848230498275337529103327410582421958357
48992070043446325208799684203366266295716744847038301775112789207080764494511 115193467629823311465447402437563293254576431204068792988647740320715071919227 24217284766738986212497354964000780983823273126591258904454093171207345754151 23586835332404698776410856647009197007953290744880330352967398793701909167709 92300347149925816063631969880169532380564120211071462740611690925416453829626 106630235673605903117895523464340768728380767494549472706650877975751422508044
38758697434187615522221552062801605984545265298858071583015444866193642423843 50077733956268889850788132589346244121143944225635604446478409758219359577389 24217284766738986212497354964000780983823273126591258904454093171207345754151 23586835332404698776410856647009197007953290744880330352967398793701909167709 64173918506306998102994953395332439404655075960270075368987406910396751467661 78828358872510043666236717682776833818221432124753613902086950437367457150522
21727527175211422551268526459581655710402016217287644019286624022189367930080 81817977527701497602907549465180499402643792435466749023641162576547394790170 44528736697727943724275275453796721182225394007794547254689465498217031394072 65121784900741647610174515786042447156935883042661694612606368303065031330859 265189667522040470932422275317853890538554531207391339364140832503892834188 59304039971324518712266158325654644673274823145920817399939920716978470505307
35717314857334453652941108983239861187853700431929662677428365792334129756244 60234987358455145056730693408720126993932094808691049817391763115260574423170 38758697434187615522221552062801605984545265298858071583015444866193642423843 50077733956268889850788132589346244121143944225635604446478409758219359577389 75561447860289191437316678424732258767140487493359895364843645737343737678836 37554094404745557176049679891740887549326502904412540028108160361205752589086
24217284766738986212497354964000780983823273126591258904454093171207345754151 23586835332404698776410856647009197007953290744880330352967398793701909167709 59840768603414527781776414618542575229680130275511267189220855957596403659322 27142841166284503612137066916570053103762841187662319331099017007297126583283 18595318700539775084144949090149453954917101946223147228280852455235974481555 62228987899208501291315364217800841338049970759236581263543798299433235734161
21105934175268210608904518035115270964286353848532775006255384256948084919346 87896175179551116874573705333830153140216141754945824954999906035647342725689 35717314857334453652941108983239861187853700431929662677428365792334129756244 60234987358455145056730693408720126993932094808691049817391763115260574423170 50160549589811157580917634713014080043502409368804847074867066011912074405890 46847854966429018385855348944446600142166539745095357501060008691238166233210
100418376759511806766079467848408776206536360221151933524187786612412173544809 79054934302563409503980520710068602582414877084071890261666427014682385959680 99571950942290126169489733666043649825142286135545687956864085260437538575584 10675765969573610361660339580981426273351591213285254878069121685662609798720 9698669578428927618283637309815902175184337462119561850580771843398896898103 110675206885804055798632246458279677124582937943007154478709746568302170623902
21727527175211422551268526459581655710402016217287644019286624022189367930080 81817977527701497602907549465180499402643792435466749023641162576547394790170 109129356022782291212722526690242289458906837975636846309033674568143602613583 37674966991348851485279783102950897606082707624896773755347661859846539089333 26942052761334728959478045267424055282047515004763705505265589989116924671023 20099607900575453603307291820790199705868875888784324215693321506035201184722
73362366995193799555170974001631259035405369591744536050306822974847238287364 106791208435611881256671268838685724151750381320738793758627330161019457264646 2102166139152459391818622170494812183465535108048301019733385223111607135311 76397727350764814319040961887932981954746807313812642179389938922109961251635 32665854642901202779337340777230148090318619874729427460581069717095981306667 41320069479354650826414859898254402174580758041297142953704080775902238426554
91601112584194333700137214790826732290186792715112021555735083199709652100064 38612456329046494827849845834766899500811341558988788646555373992128239086965 21727527175211422551268526459581655710402016217287644019286624022189367930080 81817977527701497602907549465180499402643792435466749023641162576547394790170 19874099416742164719636549455659288832315832669449460488840439745103809532593 48923704786619861198716761752790025090253770635282691272301654956507387171294
17737479528320751982125541045850621915551812887107245164956951884235508556928 102323033070168354332569729144402645468850017898422088319762654165537241860106 21105934175268210608904518035115270964286353848532775006255384256948084919346 87896175179551116874573705333830153140216141754945824954999906035647342725689 106517134627656877051549689589452453821206757006971770082922927134597738416060 20647142662661779222564170263162105017652385765150844610747319094104928003483
421642089047603959137050424946260251452164623331506296729284096024922739212 104307159590988323564826613873342984353084715448323737460719629027248467632526 75058121776278398893304591589169171547150396565066676740960560041184129428964 5116372604642405932257192990108621462250441690206866358794013491384297990404 20109853282114952274225296072783403254712860285472826946067616076069852532032 73143083207164793930501547943036120627290910310433631646964830416345586491813
75058121776278398893304591589169171547150396565066676740960560041184129428964 5116372604642405932257192990108621462250441690206866358794013491384297990404 23838359521255753175141522203445939980042158326608942021868453246980000129268 112585533528213614057210567246715107842101702696722869889286964798642214725201 55502514785271677944754779030702086524369065071295175520825162281781922449542 96791309276662189890806038381029348345355000141648044638341723050400696951701
21727527175211422551268526459581655710402016217287644019286624022189367930080 81817977527701497602907549465180499402643792435466749023641162576547394790170 91601112584194333700137214790826732290186792715112021555735083199709652100064 38612456329046494827849845834766899500811341558988788646555373992128239086965 8704059849525612287626756499000428437250657845452375457735142157647714466223 45439967402914362840133984065671392276508144982732373630696055760091348924564
75058121776278398893304591589169171547150396565066676740960560041184129428964 5116372604642405932257192990108621462250441690206866358794013491384297990404 17737479528320751982125541045850621915551812887107245164956951884235508556928 102323033070168354332569729144402645468850017898422088319762654165537241860106 70808336190836877021001620105730166574184569066703346781164286964525388896480 31439717085249990811137831128643971041483016670994356227992782315075112733064
21727527175211422551268526459581655710402016217287644019286624022189367930080 81817977527701497602907549465180499402643792435466749023641162576547394790170 44528736697727943724275275453796721182225394007794547254689465498217031394072 65121784900741647610174515786042447156935883042661694612606368303065031330859 113849433537230556753630758802332784244472269560183197968186367182555226888073 31745989032624206796793427304621839577536673610911020775616305571564103531250
38758697434187615522221552062801605984545265298858071583015444866193642423843 50077733956268889850788132589346244121143944225635604446478409758219359577389 35717314857334453652941108983239861187853700431929662677428365792334129756244 60234987358455145056730693408720126993932094808691049817391763115260574423170 11431178585199431518739005063363441603575599743489347060849803957028031811770 52684993248659179324615459568099645676036974097388388798131948476234855079702
73362366995193799555170974001631259035405369591744536050306822974847238287364 106791208435611881256671268838685724151750381320738793758627330161019457264646 2102166139152459391818622170494812183465535108048301019733385223111607135311 76397727350764814319040961887932981954746807313812642179389938922109961251635 4370920685851531537294373908888577909612648419370718636585536397710722510117 99276228729754077875675117203386701939065752924777487875130476304308694771237
48992070043446325208799684203366266295716744847038301775112789207080764494511 115193467629823311465447402437563293254576431204068792988647740320715071919227 2102166139152459391818622170494812183465535108048301019733385223111607135311 76397727350764814319040961887932981954746807313812642179389938922109961251635 91949688633485018850691091003490876755738836623923065543617714092734347096048 73955122573062351339163906822985202601033778372622347968791489711748639622734
2102166139152459391818622170494812183465535108048301019733385223111607135311 76397727350764814319040961887932981954746807313812642179389938922109961251635 48992070043446325208799684203366266295716744847038301775112789207080764494511 115193467629823311465447402437563293254576431204068792988647740320715071919227 22242001444763885764581433937587036689576859413096679759124999665466730530365 86234386591351539486964598960513715463951988733572108920657279574642308769038
38758697434187615522221552062801605984545265298858071583015444866193642423843 50077733956268889850788132589346244121143944225635604446478409758219359577389 44528736697727943724275275453796721182225394007794547254689465498217031394072 65121784900741647610174515786042447156935883042661694612606368303065031330859 106624001926880625024093079068787320355097044000728256082462794652070185923034 87813118790390509716810076366708206614739610816717425678277512070463452056854
38758697434187615522221552062801605984545265298858071583015444866193642423843 50077733956268889850788132589346244121143944225635604446478409758219359577389 109129356022782291212722526690242289458906837975636846309033674568143602613583 37674966991348851485279783102950897606082707624896773755347661859846539089333 24898719284001660411753063961948557879086783062903999806834681658964837511701 52230190957168830429267122185626910950025939447426973889887515493737200674166
44287682142350300724862867977841479442604663539109805125777562807139759700292 56313426947070677725587260525934465803218923086529276814855322111609643204137 44528736697727943724275275453796721182225394007794547254689465498217031394072 65121784900741647610174515786042447156935883042661694612606368303065031330859 92525421762031433602111570446065726199074985336123969566359161473290723617727 88486183180760666724438830029850879357521009250589470510838798633223074137983
44528736697727943724275275453796721182225394007794547254689465498217031394072 65121784900741647610174515786042447156935883042661694612606368303065031330859 73362366995193799555170974001631259035405369591744536050306822974847238287364 106791208435611881256671268838685724151750381320738793758627330161019457264646 5855954378574646978142841407168500056574875333200216920312742276927127893678 6297301559912796621223996217095124592306832669182560550367171592269932480787
100418376759511806766079467848408776206536360221151933524187786612412173544809 79054934302563409503980520710068602582414877084071890261666427014682385959680 99571950942290126169489733666043649825142286135545687956864085260437538575584 10675765969573610361660339580981426273351591213285254878069121685662609798720 99157548077822780394440361608749646315112029348601872371103291778065632057215 48715895416376401262419040735110035498140726230788570610624711463985993926433
17737479528320751982125541045850621915551812887107245164956951884235508556928 102323033070168354332569729144402645468850017898422088319762654165537241860106 38758697434187615522221552062801605984545265298858071583015444866193642423843 50077733956268889850788132589346244121143944225635604446478409758219359577389 59468176409718218531130836639900499040278568962495872157632006398708110334445 17931551620722636642211244373589168271798012145030840991620981408300491327503
44528736697727943724275275453796721182225394007794547254689465498217031394072 65121784900741647610174515786042447156935883042661694612606368303065031330859 421642089047603959137050424946260251452164623331506296729284096024922739212 104307159590988323564826613873342984353084715448323737460719629027248467632526 44651474630717970068535331673251470654859952184395341361175944805309886274455 99705760313845768935282928917609643408368448429959725511498016537232285972895
75058121776278398893304591589169171547150396565066676740960560041184129428964 5116372604642405932257192990108621462250441690206866358794013491384297990404 44287682142350300724862867977841479442604663539109805125777562807139759700292 56313426947070677725587260525934465803218923086529276814855322111609643204137 67174660619135288093858932687090883530113337008654007567767154896066448080645 69984585815356337990681116011489057998362708681295084710733100974271368486050
59840768603414527781776414618542575229680130275511267189220855957596403659322 27142841166284503612137066916570053103762841187662319331099017007297126583283 44287682142350300724862867977841479442604663539109805125777562807139759700292 56313426947070677725587260525934465803218923086529276814855322111609643204137 88525785042068750193688702426313641326721087635178829525539613068126359314932 27487804472316387454361341974607489328459735554044260537001974049987359107076
109129356022782291212722526690242289458906837975636846309033674568143602613583 37674966991348851485279783102950897606082707624896773755347661859846539089333 75058121776278398893304591589169171547150396565066676740960560041184129428964 5116372604642405932257192990108621462250441690206866358794013491384297990404 89169307077730539608990230889590786005696965916038536671020473060451236459999 51838538826896834599888511590338077537876287862834412316661976516762812166890
44287682142350300724862867977841479442604663539109805125777562807139759700292 56313426947070677725587260525934465803218923086529276814855322111609643204137 17737479528320751982125541045850621915551812887107245164956951884235508556928 102323033070168354332569729144402645468850017898422088319762654165537241860106 88910824107810731119330939374434435380699068519897384683190328097857013322233 8441969109982316617415630968250874892591770439597471225434289750006132083280
21105934175268210608904518035115270964286353848532775006255384256948084919346 87896175179551116874573705333830153140216141754945824954999906035647342725689 2102166139152459391818622170494812183465535108048301019733385223111607135311 76397727350764814319040961887932981954746807313812642179389938922109961251635 103896130281800705892367825957161119792795025554532626436161182650020713794401 92812408678956305932749871169773884782183349764389779191105256539204717037748
68797754801493519290152633844779326410217908566956999451000962766755980670466 102798334373195912239466972734243379800411897401396207295356111512304329992664 35717314857334453652941108983239861187853700431929662677428365792334129756244 60234987358455145056730693408720126993932094808691049817391763115260574423170 41844678313972483281077878877628257602660633036948401363205784386834047008104 36561199485204581248191917595553626976878611085897026335557833607351986048438
75058121776278398893304591589169171547150396565066676740960560041184129428964 5116372604642405932257192990108621462250441690206866358794013491384297990404 109129356022782291212722526690242289458906837975636846309033674568143602613583 37674966991348851485279783102950897606082707624896773755347661859846539089333 90396545500839308571227329136259582224912127058261491942758020591263710517067 90158879783239651375795964596750037822130196152111187528043093254093117994473
421642089047603959137050424946260251452164623331506296729284096024922739212 104307159590988323564826613873342984353084715448323737460719629027248467632526 2102166139152459391818622170494812183465535108048301019733385223111607135311 76397727350764814319040961887932981954746807313812642179389938922109961251635 92305770820918804686781676613738499578230074627211414124100122304561900685269 80850922861877488011825847489439416811818182492759183759938199480821720780465
21727527175211422551268526459581655710402016217287644019286624022189367930080 81817977527701497602907549465180499402643792435466749023641162576547394790170 421642089047603959137050424946260251452164623331506296729284096024922739212 104307159590988323564826613873342984353084715448323737460719629027248467632526 88959774133383282373370575599549785478316519638763272576702115874045050070561 78079417245896322857483176025175511870735357110169946858951236835564322000526
75058121776278398893304591589169171547150396565066676740960560041184129428964 5116372604642405932257192990108621462250441690206866358794013491384297990404 21105934175268210608904518035115270964286353848532775006255384256948084919346 87896175179551116874573705333830153140216141754945824954999906035647342725689 9472394599693456291831834349065256557528277775018128565719925364452820083475 2310460147198882132375775132343195665162432721448023681383081156359406492877
24217284766738986212497354964000780983823273126591258904454093171207345754151 23586835332404698776410856647009197007953290744880330352967398793701909167709 73362366995193799555170974001631259035405369591744536050306822974847238287364 106791208435611881256671268838685724151750381320738793758627330161019457264646 31774999568495489565446429496751332692711532081198679047020327137220683763806 111029697989949665970984441199374359392213189838796880038350333761077030116198
38758697434187615522221552062801605984545265298858071583015444866193642423843 50077733956268889850788132589346244121143944225635604446478409758219359577389 23838359521255753175141522203445939980042158326608942021868453246980000129268 112585533528213614057210567246715107842101702696722869889286964798642214725201 94294977854518529956131228838151067036512756057938239830341822010444009077369 27831859921463286317314375129876544397968316640613310318936884903812208452327
68797754801493519290152633844779326410217908566956999451000962766755980670466 102798334373195912239466972734243379800411897401396207295356111512304329992664 35717314857334453652941108983239861187853700431929662677428365792334129756244 60234987358455145056730693408720126993932094808691049817391763115260574423170 30554185203613862408044258580766560643711945685755833595292069209452915785245 33448981960699307933930333618833326144051141830050594203385067383076555070895
100418376759511806766079467848408776206536360221151933524187786612412173544809 79054934302563409503980520710068602582414877084071890261666427014682385959680 75058121776278398893304591589169171547150396565066676740960560041184129428964 5116372604642405932257192990108621462250441690206866358794013491384297990404 85002017400132348689125341575159177007518192173351158979007204648183246071417 16955864054790155061660261940042592955913550838299800919959603970676818743785
44287682142350300724862867977841479442604663539109805125777562807139759700292 56313426947070677725587260525934465803218923086529276814855322111609643204137 421642089047603959137050424946260251452164623331506296729284096024922739212 104307159590988323564826613873342984353084715448323737460719629027248467632526 52964514147173525269936740782063262213738833438182777058503511811406536991447 74596108010797871710253064680115685279309486520632791778680702295334523125163
421642089047603959137050424946260251452164623331506296729284096024922739212 104307159590988323564826613873342984353084715448323737460719629027248467632526 99571950942290126169489733666043649825142286135545687956864085260437538575584 10675765969573610361660339580981426273351591213285254878069121685662609798720 111907083825351998560584496358688481541075533968971159027636365572663568320265 19855517180196592619865465534650037610457615595878191891207031816624912257012
23838359521255753175141522203445939980042158326608942021868453246980000129268 112585533528213614057210567246715107842101702696722869889286964798642214725201 21105934175268210608904518035115270964286353848532775006255384256948084919346 87896175179551116874573705333830153140216141754945824954999906035647342725689 5800362802264745341200025120971898324035722692273313745220139675805372578938 62879357305300472090585783815471333709940135883590575975866750245663304996322
44528736697727943724275275453796721182225394007794547254689465498217031394072 65121784900741647610174515786042447156935883042661694612606368303065031330859 38758697434187615522221552062801605984545265298858071583015444866193642423843 50077733956268889850788132589346244121143944225635604446478409758219359577389 70007167353236792663392152622929394180208064013225637056108916049867823541948 113112523059283905558829534659124580233006517037864096996173958263195007056277
100418376759511806766079467848408776206536360221151933524187786612412173544809 79054934302563409503980520710068602582414877084071890261666427014682385959680 38758697434187615522221552062801605984545265298858071583015444866193642423843 50077733956268889850788132589346244121143944225635604446478409758219359577389 88542691621681716822926838164947922235298473640988510408271543597704975426152 36725488155324044462409002037677781462667916912370359223668242202175558653551
2102166139152459391818622170494812183465535108048301019733385223111607135311 76397727350764814319040961887932981954746807313812642179389938922109961251635 421642089047603959137050424946260251452164623331506296729284096024922739212 104307159590988323564826613873342984353084715448323737460719629027248467632526 45775472246131795195455305684224321978782704835288469838482973259428245106275 34799586005209294712311867424635087327640748909478106426006057560325774697365
99571950942290126169489733666043649825142286135545687956864085260437538575584 10675765969573610361660339580981426273351591213285254878069121685662609798720 421642089047603959137050424946260251452164623331506296729284096024922739212 104307159590988323564826613873342984353084715448323737460719629027248467632526 30662969014164059516385816943376596670744106789651037825813759467775166346235 7298360762871595202489224308310153115621059296495477804638202720909448873385
73362366995193799555170974001631259035405369591744536050306822974847238287364 106791208435611881256671268838685724151750381320738793758627330161019457264646 91601112584194333700137214790826732290186792715112021555735083199709652100064 38612456329046494827849845834766899500811341558988788646555373992128239086965 66415376114027931714057176548446161838481736758287427008677723754533347282428 72717222421821423665752428237104266502065095069334937786106645739197600389382
21105934175268210608904518035115270964286353848532775006255384256948084919346 87896175179551116874573705333830153140216141754945824954999906035647342725689 2102166139152459391818622170494812183465535108048301019733385223111607135311 76397727350764814319040961887932981954746807313812642179389938922109961251635 65257008968695180196387881087404190457030169348183804536676319398728788988084 96745395368789777360228526829860645324019226460108533764840611374967997636623
73362366995193799555170974001631259035405369591744536050306822974847238287364 106791208435611881256671268838685724151750381320738793758627330161019457264646 421642089047603959137050424946260251452164623331506296729284096024922739212 104307159590988323564826613873342984353084715448323737460719629027248467632526 62527624704524621734602674286799446039757207184089331492865660094862192156041 86672108980691427423615900247263764597718505024999393379127612344910121666975
421642089047603959137050424946260251452164623331506296729284096024922739212 104307159590988323564826613873342984353084715448323737460719629027248467632526 35717314857334453652941108983239861187853700431929662677428365792334129756244 60234987358455145056730693408720126993932094808691049817391763115260574423170 94134201072461164215352060103790110665196203412449209301687571457900078810467 104393639208533626608770014130813518084960535994713759385770304156212530182204
109129356022782291212722526690242289458906837975636846309033674568143602613583 37674966991348851485279783102950897606082707624896773755347661859846539089333 59840768603414527781776414618542575229680130275511267189220855957596403659322 27142841166284503612137066916570053103762841187662319331099017007297126583283 73950539570157686963895571458932955216288866919312218052470011054227417652627 108243716717006070029668982703239855159702170608368461885409021849122850065338
23838359521255753175141522203445939980042158326608942021868453246980000129268 112585533528213614057210567246715107842101702696722869889286964798642214725201 99571950942290126169489733666043649825142286135545687956864085260437538575584 10675765969573610361660339580981426273351591213285254878069121685662609798720 45429474102888642570364607143885630026745712385061993469094247133689765331924 50815350475933079744009301851800090529881659743100326105950687442197842085290
68797754801493519290152633844779326410217908566956999451000962766755980670466 102798334373195912239466972734243379800411897401396207295356111512304329992664 23838359521255753175141522203445939980042158326608942021868453246980000129268 112585533528213614057210567246715107842101702696722869889286964798642214725201 2265249730786163517624536402610951885009836058177363929439947619420259922252 75387150285566569510179397475674770352584852519190101366517415234824240785268
38758697434187615522221552062801605984545265298858071583015444866193642423843 50077733956268889850788132589346244121143944225635604446478409758219359577389 35717314857334453652941108983239861187853700431929662677428365792334129756244 60234987358455145056730693408720126993932094808691049817391763115260574423170 81766353668811984632497549205266991935164004198779147183481244392639263472637 56394915176179268147567662822899754366583646938198369244382614925998288699781
