100
587792236217714094 587792236217723628
537728147426304347 537728147426306787
278934516987263751 278934516987266775
496542388314426501 496542388314430808
776376732753588149 776376732753595800
708777812694845376 708777812694853853
903936254103662762 903936254103669975
532544119273679569 532544119273679621
704541165835720958 704541165835725425
605895203083055550 605895203083058662
230565396457984623 230565396457990180
116987012525975574 116987012525982046
992330990381573506 992330990381580680
307797143857686249 307797143857690862
352258393035190740 352258393035197528
21030477623548217 21030477623551501
168089213176515609 168089213176517576
634801395115708646 634801395115713499
789430886460771183 789430886460775373
273121129118025087 273121129118030800
998656243409897815 998656243409906237
810782500034429926 810782500034431013
204174649349817403 204174649349825127
908903839531979124 908903839531980034
673168830357573069 673168830357581482
700832585322662782 700832585322670521
73314101422824553 73314101422830796
303343309354157921 303343309354167153
921968557158582818 921968557158587216
581182100340629063 581182100340638536
668305189298037849 668305189298046537
551009194456240535 551009194456246846
427422637063119781 427422637063125697
530942230375107695 530942230375112690
338408961604393846 338408961604398348
309093477043946912 309093477043953646
613694248314806691 613694248314813363
692154412829759774 692154412829763389
642940137949508418 642940137949513985
745972367542030328 745972367542039814
978596893813017704 978596893813018214
719416344161500597 719416344161501719
621258852716432504 621258852716438521
119796147357796162 119796147357804070
406168488040148531 406168488040152672
827458083365471342 827458083365480148
127657170558828443 127657170558830832
241915987512007025 241915987512008716
33506627714770274 33506627714777242
597905393482714464 597905393482716810
998342864418783500 998342864418789078
572848971704393277 572848971704394316
246666222941508020 246666222941510051
424093922380523215 424093922380530376
983238608026470097 983238608026473837
688891230806015651 688891230806020089
246597594193071156 246597594193078698
478914598233834290 478914598233842161
827409595210191019 827409595210193288
465358485758101715 465358485758105250
575936044345878794 575936044345887723
610561037746102503 610561037746104307
735237132878218980 735237132878222703
752595121852322613 752595121852331681
995545734838889144 995545734838892059
381547647643430150 381547647643435469
828906376812026265 828906376812032893
804183186443575195 804183186443583508
407550431621346243 407550431621347265
841314983804940726 841314983804945905
36380052199130873 36380052199139728
824570293776054335 824570293776058924
669770147748898973 669770147748899753
195020678517952898 195020678517953755
511370182621461137 511370182621464429
413398569846773107 413398569846779508
192505555870461585 192505555870470866
373461947134578817 373461947134586707
951036513480551885 951036513480561773
95393443127356874 95393443127357616
88510459250064568 88510459250068425
453866579142222645 453866579142226806
556289738508924856 556289738508930047
744252365417704313 744252365417708267
805891742461998619 805891742461999234
630133596713444089 630133596713448862
467654446143089140 467654446143093422
261353280085278353 261353280085282973
630797042323812264 630797042323821562
574210693693987822 574210693693994252
293880016445946253 293880016445946342
688268697625083474 688268697625086846
468063759478719854 468063759478727854
597975128306027598 597975128306036347
825090712099847765 825090712099852118
418241819652823952 418241819652825383
573198460575689177 573198460575693267
549636468902961246 549636468902963072
399174916826993350 399174916827002810
934812813670670397 934812813670677357
