100
701692 701788
619269 619343
574145 574168
944513 944584
940882 940948
753733 753784
107932 108025
650176 650194
152634 152671
807557 807594
453792 453839
939317 939363
592635 592699
585136 585173
673161 673212
691749 691833
430908 430978
533114 533148
721124 721130
154250 154311
964847 964944
861815 861856
65592 65691
136490 136556
263258 263339
436866 436897
630632 630730
622224 622259
160315 160396
719034 719076
969684 969769
720372 720409
317728 317803
859747 859834
687134 687233
787748 787767
691098 691116
97545 97590
418203 418300
708715 708777
480709 480748
315353 315393
788739 788823
350152 350172
516127 516135
660387 660439
31031 31117
806369 806448
184241 184288
917120 917153
210651 210704
808632 808709
318779 318798
698345 698433
740646 740719
415979 416038
109480 109486
603944 603947
511229 511279
449851 449858
147774 147855
133249 133261
11883 11982
750608 750642
363180 363270
794734 794799
318659 318683
723478 723536
874511 874602
959438 959458
210481 210500
881467 881488
55569 55642
191779 191877
772711 772778
208600 208610
888129 888204
689761 689854
550530 550629
602375 602403
96716 96779
457634 457730
253792 253857
32029 32066
585402 585449
50069 50157
948898 948925
962302 962378
755467 755545
814167 814217
556582 556674
266585 266603
24482 24528
341534 341628
802566 802617
735090 735164
740445 740541
226037 226131
500588 500687
478469 478494
