100
345483 345502
486603 486667
691426 691445
224725 224787
241148 241179
990250 990273
457204 457302
110752 110787
318173 318218
294889 294959
154819 154877
954617 954710
745199 745288
403801 403893
942781 942866
247190 247236
838248 838306
812901 812968
700755 700762
246740 246799
594022 594121
234676 234688
631260 631301
561189 561222
975504 975561
847605 847676
401643 401670
837923 837936
356781 356846
278909 278959
271228 271231
155672 155772
499601 499677
434772 434847
338246 338319
103333 103397
92777 92855
763445 763482
489972 490017
218673 218752
682641 682672
374813 374886
822611 822628
765708 765780
598234 598311
694627 694716
23112 23133
797017 797089
27569 27618
41576 41641
470238 470278
130523 130577
701411 701504
870977 871061
548485 548570
565631 565692
633517 633602
305818 305891
525712 525806
350533 350582
32121 32163
409485 409545
863720 863807
775400 775462
31103 31158
137940 138038
475043 475065
755265 755357
522174 522249
525009 525019
849272 849311
19014 19051
446030 446043
411291 411337
558718 558742
191048 191122
191789 191858
168821 168885
627539 627577
907919 907952
225530 225578
342718 342758
807955 808026
363899 363999
466306 466373
817014 817098
146178 146251
203780 203859
764008 764079
813030 813099
834102 834151
885070 885139
488538 488558
947566 947614
59780 59847
551060 551069
37814 37835
893728 893760
240879 240948
674235 674288
