100
80336 80421
148897 148971
913686 913727
870265 870310
354494 354548
281670 281711
524338 524362
541668 541762
583451 583521
420556 420637
800947 801032
379744 379776
509972 509997
448123 448222
241764 241845
819910 819921
350070 350164
56090 56099
175403 175406
257001 257083
391658 391700
370153 370249
105858 105909
550777 550813
275324 275402
297121 297197
675113 675196
164901 164960
703599 703663
30108 30117
762205 762267
989635 989679
620702 620791
540133 540205
538666 538718
247064 247096
333986 334016
277271 277352
444650 444705
382521 382584
543209 543218
965588 965644
240362 240410
773414 773448
636753 636795
732702 732735
535280 535350
525168 525244
42004 42033
54141 54157
111551 111629
5099 5196
354083 354138
272155 272187
736770 736815
289849 289909
378206 378230
712874 712912
880313 880385
138672 138731
889647 889678
594514 594600
325148 325223
159864 159911
545791 545804
832407 832505
653222 653256
494850 494902
373676 373701
185813 185830
833154 833181
828423 828434
914943 915036
630365 630432
904214 904230
199805 199824
885600 885616
876420 876493
911816 911826
847967 848053
344465 344515
688925 689006
142160 142225
168847 168934
766792 766840
124693 124780
942224 942252
607370 607454
813980 814001
810094 810138
708362 708402
826948 826970
632589 632597
422069 422160
519652 519686
15578 15615
267778 267832
554017 554070
30620 30693
615221 615296
