100
381077 381091
204703 204733
949728 949809
23744 23776
241276 241359
225238 225335
104092 104154
989859 989911
655466 655532
181589 181664
800120 800139
836792 836866
696729 696828
306136 306153
851981 852025
996040 996102
875391 875402
833070 833141
854666 854703
228938 228974
11537 11577
424594 424654
925636 925645
275435 275449
425042 425104
895685 895714
643468 643527
784610 784684
915490 915578
132079 132150
851058 851101
296606 296663
626656 626742
545077 545133
851169 851197
658000 658086
731711 731779
110711 110731
419892 419900
369066 369137
129172 129263
295771 295810
249183 249273
489326 489391
432629 432665
438849 438902
791422 791450
537391 537433
749813 749846
737222 737300
448316 448390
433627 433684
134703 134769
772350 772428
862051 862094
104748 104837
285964 286050
653700 653715
451067 451080
308380 308448
400313 400389
778655 778665
166217 166307
204071 204109
959404 959471
793754 793799
783475 783561
287323 287370
826916 826966
850650 850731
314873 314901
219571 219587
663364 663455
138431 138478
841550 841577
897058 897114
324954 324991
57582 57613
730618 730669
255098 255183
77933 77966
77615 77665
49535 49610
969482 969514
292565 292591
785431 785481
819258 819331
776654 776725
378445 378508
780445 780543
496977 497072
599421 599469
361163 361186
568077 568095
279532 279561
510386 510480
1189 1211
964163 964256
349154 349217
852852 852908
