100
639319 639397
295587 295650
33999 34043
491325 491345
606591 606613
773866 773868
744087 744123
554217 554242
91715 91736
182243 182293
93899 93943
631397 631412
807238 807248
520546 520566
786055 786067
734659 734712
468934 468974
103666 103671
660630 660646
404796 404845
264869 264904
348142 348205
964560 964650
660785 660839
52852 52916
409310 409350
596916 596921
866252 866321
33943 34001
379995 380005
311005 311071
839793 839843
469243 469298
508971 509005
730289 730324
733722 733787
997214 997228
957921 957983
86776 86833
604193 604230
251483 251538
195889 195954
841073 841080
635720 635804
515945 516021
265833 265924
546490 546512
859986 860018
709899 709974
755445 755455
410984 411039
50341 50387
437470 437510
932615 932709
300135 300140
559972 560013
964431 964453
920046 920059
385179 385273
114285 114345
683509 683522
137377 137449
180146 180233
234518 234611
192715 192795
464429 464439
201510 201548
219758 219825
707174 707227
546003 546067
670535 670599
444519 444584
737001 737087
900434 900499
10398 10420
857245 857277
237085 237117
206811 206849
902186 902273
497619 497641
927490 927504
638940 639022
808317 808374
894838 894884
921486 921534
11536 11573
826846 826897
79364 79420
564007 564020
478989 479008
941482 941537
332245 332282
6562 6584
563097 563174
367015 367098
777152 777200
848105 848183
852978 853050
556349 556359
790992 791046
