100
400193 400199
793824 793863
577007 577038
783313 783411
436176 436268
557435 557469
41166 41249
78941 79017
963726 963793
346749 346835
681936 682013
454816 454859
212681 212781
818093 818108
494347 494405
580870 580955
548095 548144
155574 155626
481948 482041
274945 275042
471881 471964
968620 968697
280131 280231
452460 452500
536932 536988
606517 606566
151442 151535
223757 223772
131294 131335
455923 456002
505274 505300
60520 60563
549720 549764
465576 465654
960901 960978
919256 919278
805189 805216
158167 158204
485983 486017
545349 545384
763841 763922
147719 147746
679419 679475
768576 768591
345904 345929
510807 510834
894149 894174
57613 57687
730695 730738
4817 4896
539639 539691
882370 882448
824425 824491
35866 35960
939892 939950
488042 488119
793270 793280
306380 306471
565518 565558
351903 351960
264504 264583
431195 431293
140391 140420
445685 445714
461515 461601
96024 96045
637728 637759
874419 874513
740543 740633
539551 539619
326448 326489
216052 216101
253435 253464
63181 63209
128981 128994
198792 198813
365303 365399
689979 690045
793533 793592
814212 814280
605110 605199
702621 702701
939389 939466
32997 33040
896510 896590
797106 797137
648558 648605
287093 287126
655744 655781
727684 727742
167340 167370
74846 74897
994144 994166
151613 151641
892516 892599
897133 897150
711190 711233
657097 657153
548318 548412
76110 76140
