100
465350 465394
591083 591099
855222 855287
934903 934911
58152 58193
178592 178663
645793 645825
320013 320045
491695 491736
772310 772320
209570 209654
310734 310829
460980 461046
6519 6558
209078 209145
6053 6066
717953 718046
186066 186129
988224 988319
208450 208490
326464 326480
869749 869814
133428 133515
858287 858302
262838 262857
836708 836799
54043 54133
65736 65802
638486 638552
124301 124323
471813 471825
705549 705601
259277 259284
253660 253697
442966 442984
416833 416907
8090 8152
794321 794361
58171 58235
638014 638113
169945 170044
84608 84659
261897 261944
641964 641973
709365 709382
599710 599786
744617 744685
313505 313522
48383 48450
946328 946376
313143 313172
586442 586540
801409 801444
881232 881287
27185 27195
717206 717233
485415 485461
358623 358693
734272 734354
317012 317039
225490 225524
93147 93153
388437 388528
452187 452279
652646 652721
887076 887146
267309 267397
200107 200171
305754 305759
841237 841275
312020 312090
618231 618326
809475 809501
133258 133310
751097 751114
483534 483624
112306 112377
634673 634710
676534 676603
953797 953861
935062 935092
623027 623063
349361 349435
760141 760201
927758 927814
61582 61643
434293 434300
164900 164936
413875 413969
572870 572962
267409 267450
570748 570808
739141 739169
835646 835663
870429 870489
699403 699432
579296 579380
193247 193325
951953 952047
763553 763559
