100
878942 879034
642509 642596
562864 562903
772337 772342
353590 353623
762692 762734
70045 70105
468849 468895
545929 545978
628364 628435
502005 502085
792500 792587
691699 691761
661131 661184
814960 815023
63064 63126
307711 307752
535757 535761
267386 267426
884002 884004
827565 827637
658950 658988
91944 92024
840260 840301
112866 112904
415228 415309
771885 771970
449704 449783
449316 449411
504434 504515
792539 792624
672100 672176
433802 433813
877242 877323
125203 125303
583436 583502
733153 733250
986754 986833
687415 687446
754823 754869
728810 728909
587782 587790
473488 473581
518751 518827
243341 243375
750802 750863
531747 531822
633826 633887
570162 570240
473136 473183
348140 348174
12688 12751
715853 715932
329491 329545
940090 940171
571070 571114
890393 890465
771081 771111
723105 723156
691887 691930
405359 405397
747880 747921
351891 351917
89243 89276
281461 281515
522771 522842
255699 255733
886067 886124
1458 1553
528605 528698
745324 745360
425576 425627
1244 1343
152633 152703
586592 586655
233532 233576
442890 442983
484407 484458
968785 968869
241415 241512
138433 138454
41943 41994
300245 300292
354985 355058
6981 7031
880984 881054
551621 551674
392596 392690
36014 36104
175664 175710
824700 824790
769480 769545
899663 899714
235158 235167
72351 72357
868039 868055
63550 63638
578764 578828
395869 395916
346864 346889
