100
690556 690656
937211 937301
11274 11374
869857 869895
423230 423261
258182 258279
449524 449572
193613 193695
259567 259602
627804 627850
281762 281772
770937 770960
233123 233141
504917 504999
163603 163618
817695 817766
195887 195956
475810 475852
822572 822653
623748 623781
608681 608744
185355 185409
941039 941101
373799 373868
773436 773478
44784 44830
682308 682342
573883 573920
585323 585348
554450 554539
244664 244690
98921 98937
53470 53520
245863 245921
451874 451916
42205 42301
375764 375828
624224 624322
78644 78700
759527 759623
729824 729924
821418 821495
374117 374135
818176 818225
668710 668775
537 593
572510 572571
368244 368295
970013 970050
666330 666373
839021 839096
910733 910761
205974 206067
712200 712272
245302 245357
724042 724090
973892 973951
2627 2713
842596 842674
126623 126706
543235 543315
612998 613081
155026 155106
212693 212792
238479 238511
328601 328662
88641 88717
91207 91278
31624 31634
723257 723343
47056 47073
809885 809917
129040 129091
950338 950414
262591 262667
277957 277982
9416 9424
884722 884753
70586 70686
649640 649649
160820 160918
945117 945215
555683 555732
378438 378494
810141 810205
259528 259574
971053 971073
284943 285004
293127 293184
525105 525134
55143 55162
675480 675560
557728 557785
448360 448372
475062 475119
23285 23366
178614 178693
550082 550144
43355 43421
147028 147076
