100
677179 677229
455676 455722
306943 307002
575320 575386
266038 266100
441270 441319
840288 840352
325258 325343
773040 773075
709823 709852
838540 838564
833948 834018
995642 995738
700720 700800
929202 929252
398022 398111
189831 189904
900709 900760
704029 704112
475197 475223
483170 483214
381065 381076
264951 264977
467533 467580
444529 444591
709995 710088
331559 331617
501912 501974
173180 173263
905474 905563
437473 437536
893189 893266
231620 231652
926146 926185
332271 332296
167694 167783
562839 562933
3157 3170
249724 249818
716130 716150
157481 157504
831123 831218
775002 775033
999472 999546
241040 241127
86694 86740
296630 296661
266233 266298
4219 4318
815708 815721
474432 474509
726383 726425
699622 699675
69928 69960
870943 871039
103686 103740
973097 973120
816926 816998
560176 560274
443186 443213
973322 973348
605863 605894
917676 917743
694527 694590
696676 696774
792518 792559
756285 756289
621272 621331
623026 623116
977983 978060
582099 582160
819210 819243
458027 458064
754133 754203
410212 410275
384883 384898
120997 121006
52803 52826
8766 8865
205084 205119
101662 101686
868164 868195
522477 522498
776088 776129
463384 463424
928084 928176
535496 535534
38437 38466
39733 39752
9546 9560
717825 717877
887507 887551
240573 240644
264876 264937
655934 655976
530364 530430
30450 30469
91617 91625
978674 978734
761160 761169
