100
87833 134890 298607
251638 256625 164195
91827 256625 285072
137664 194698
388478 659089 785549
432534 177523 191297
690091 177523 335830
499308 636092
513315 754035 908081
403460 192507 748876
886501 192507 161033
768317 759587
531672 108504 578689
363078 369503 62012
242226 369503 397803
27269 154144
13983 873 15641
10672 8013 1987
11784 8013 15194
9728 2673
333883 254776 640247
100476 229959 154603
236775 229959 572302
123940 308028
190586 182650 213637
208070 26837 483
16075 26837 120578
95940 162591
144398 192264 698251
215334 143 179018
555740 143 143877
59317 105665
170538 112499 429673
103210 278815 160000
251716 278815 13187
255638 113677
75635 499672 870853
327041 176755 482514
127841 176755 178301
323610 736067
455729 295242 491593
245627 450175 449721
366658 450175 417448
175846 158716
174582 190950 494041
52828 229231 303456
146380 229231 42047
410647 413683
104663 160843 466579
9958 405913 268643
149124 405913 207186
299262 287109
32218 35677 80611
7671 23327 49136
50936 23327 22987
34703 21888
377154 172974 544399
495147 333877 305175
425440 333877 449936
380705 363367
187353 268767 559649
232341 477147 457941
109892 477147 171868
518132 526156
33947 17195 36781
24737 11261 28763
10570 11261 6706
19580 3410
375500 279945 764539
542845 593653 104003
118694 593653 148966
556213 668898
25484 54721 101399
57927 38795 25332
9621 38795 77531
28674 14361
375392 206910 496229
271015 253 260790
344730 253 489537
172268 350636
642022 170450 749171
227629 587759 590386
539425 587759 659885
251006 8650
7043 58825 59671
38696 55381 6309
32764 55381 55582
2990 44606
315031 301679 513041
375071 133371 348436
329490 133371 401637
16155 242403
346583 6337 643649
3852 608125 362328
58791 608125 475937
390921 23330
37497 73683 105199
67612 49655 98012
19849 49655 47473
600 11649
202703 221534 452953
332811 242963 400264
258719 242963 429465
226627 354630
508805 873034 893857
757853 649579 433555
45145 649579 440742
12673 412495
119699 359110 608701
479332 28087 249084
37011 28087 78233
280018 485257
152724 257020 293651
226798 106707 112719
288399 106707 41590
273669 268473
76781 14166 167491
3959 148159 137805
120448 148159 57964
149195 61925
435214 93730 521503
302671 236827 254539
427551 236827 135056
8833 450025
69776 144613 281803
138458 22649 218434
182945 22649 250767
140315 201636
28205 134843 190843
81265 142057 151154
91426 142057 139557
87964 97724
203081 272622 381481
350485 48731 53109
193639 48731 172652
257266 315701
266939 600632 888413
853564 843511 84686
721351 843511 213377
442320 333381
75145 36458 107183
63016 18191 76189
48978 18191 31562
32001 102865
447757 470366 521137
131347 383815 309245
221853 383815 16422
233442 268532
10914 51418 56197
31726 44089 22052
14143 44089 30787
20288 3683
468810 744217 860077
373363 397555 745556
124133 397555 450739
570430 567151
353919 11631 406789
270282 44635 60105
59576 44635 275854
145966 252563
70048 376162 430823
94872 350057 93736
149328 350057 90995
71576 218782
275100 225499 366727
86046 202061 37090
340458 202061 121533
15820 262592
4202 565 35111
6012 14379 16730
17902 14379 34359
24781 2995
60270 64645 203209
198769 50797 60694
152306 50797 53475
65324 42045
3628 19956 22189
3528 18325 20850
13131 18325 1609
9070 3869
63507 209629 576293
404085 436559 158733
327861 436559 310902
466847 10651
463172 73276 906431
681987 77463 327975
585182 77463 287246
138192 466871
7701 5487 10891
1143 8927 6058
9866 8927 9147
8391 5035
224670 296184 636761
531356 556783 72931
80904 556783 35690
340439 128321
210218 186628 231701
80587 115263 125963
209075 115263 163652
75902 73572
27235 74131 145687
52058 499 42131
5246 499 64930
41497 24371
384083 185469 390959
330438 45847 309934
188040 45847 38109
236082 299605
194400 615922 644653
545854 185593 456838
412609 185593 371609
224732 508132
3592 18998 28813
15512 3733 15099
8300 3733 12568
16522 15617
575194 197147 619067
127278 502533 495800
484413 502533 549145
491562 571497
356551 244730 392849
193646 138591 349837
36257 138591 186342
230719 347228
9521 80284 704731
689631 199811 95366
434320 199811 637383
3163 241099
178470 74159 536279
455469 116891 411545
232282 116891 337060
416749 334408
199236 237263 492059
416925 24587 236839
155638 24587 309586
481132 361144
19772 47414 47797
24878 31835 35899
12796 31835 1562
37765 9135
387162 317081 496333
63054 464183 239941
270318 464183 324530
175758 485225
408552 26970 491833
304941 457601 115655
178033 457601 16986
125511 408552
37093 49818 51217
44143 21161 40314
12395 21161 22333
2993 30728
344819 438473 452027
413363 77745 319243
312445 77745 367476
48277 322577
67375 34310 323711
91701 67983 236112
69185 67983 123029
246080 286292
294041 547400 893381
97901 709277 555741
142842 709277 542358
820870 693410
26039 91214 110581
56750 16351 24998
9382 16351 68827
65773 26777
180529 122104 189859
6508 125783 176035
152401 125783 16686
49951 57530
40832 21152 99907
47278 12685 79827
48408 12685 65762
84501 84878
666575 643866 717653
699316 200965 335278
301198 200965 445759
244406 187027
109058 65205 382493
107714 110819 46109
128414 110819 130386
354853 50849
195651 130386 239297
171655 218343 12743
188219 218343 201826
103916 5180
428790 280475 718999
285138 557959 4625
119011 557959 304192
352417 504344
218975 462018 764327
98375 436171 120411
675629 436171 116046
574641 718330
301647 64725 635363
562777 552259 469456
546729 552259 562819
478886 580663
882659 97910 925637
876696 210021 881723
36730 210021 532760
114453 109748
32027 145263 301183
106931 183137 194078
140065 183137 227001
175359 43224
418900 749337 779657
319980 247525 646177
276113 247525 149070
62332 218617
343704 29792 724853
218514 560465 31091
540084 560465 667416
487444 649769
430593 149496 482803
243019 97085 108249
384120 97085 406426
272464 127633
516495 131066 585677
72027 542261 294033
479373 542261 197520
213085 480058
80477 139572 194413
181306 8461 188721
186901 8461 131068
131060 149348
568646 503416 954871
548319 643801 331728
900502 643801 798505
528650 695939
89407 167246 709957
321185 443587 662742
56176 443587 147761
207719 286539
89258 66841 190649
184035 156161 180260
146517 156161 137447
70793 162740
262519 425729 781247
711199 522433 758529
31546 522433 734696
776760 167904
134667 1272 162829
13053 128251 104825
73999 128251 228
73549 159200
49660 484250 579119
360894 406005 27442
220741 406005 131879
39183 466570
452840 540795 594427
505064 57031 321054
52280 57031 845
17575 383116
56519 28766 409397
156741 17325 189313
105834 17325 5848
341023 301342
230888 157406 351929
269170 79953 156282
166760 79953 165201
336854 203656
445303 33106 756403
307517 281849 277175
621740 281849 92412
367998 184142
157120 185432 825883
486336 624619 658595
560882 624619 762084
404965 825635
158969 585125 721337
653176 557981 319118
609374 557981 596757
256291 195564
30897 76029 764081
339582 389339 218143
440608 389339 219346
743698 280665
103905 351465 422479
161320 241495 151473
175136 241495 215554
27967 363769
489429 208984 500947
480325 67681 53482
476192 67681 289937
1062 303735
166913 144055 278563
127293 187597 215459
74353 187597 244026
79028 96731
382741 28823 395701
223230 149467 295825
115055 149467 64092
328979 150798
15617 1872 55229
7613 7171 46744
21773 7171 31951
33709 5370
