100
227233 315282 521861
305843 200593 483059
178421 200593 507688
79692 445476
115476 19112 325189
227070 6395 163380
180291 6395 96083
205358 110981
169333 531430 798257
32588 739533 627833
585880 739533 616364
67388 328500
73713 124050 162109
99884 18859 121382
4828 18859 71991
160589 17385
115749 143001 265313
250281 115349 36255
162520 115349 25902
230666 16931
446663 424867 567101
262233 253107 195468
146278 253107 59095
228284 350315
130903 47012 134707
8732 34871 26015
65255 34871 111990
119340 114072
295150 397921 770837
381152 237211 494324
439177 237211 68505
573882 242812
22310 6923 35899
4424 389 20531
12090 389 15654
15748 26689
61627 193100 208337
145263 85559 168704
139893 85559 2037
111274 110689
214665 192308 327469
297441 2683 15185
3160 2683 296320
173888 67235
408628 101759 539237
146576 142101 525187
132852 142101 73288
324444 279302
300 100 307
122 149 267
110 149 14
181 15
571577 236258 745709
249747 602033 450060
193725 602033 563405
255430 213024
338228 264944 606757
239851 207145 416293
339254 207145 107486
333241 440358
148141 110491 619711
485985 468023 60085
207168 468023 332582
421168 549637
811292 820428 884717
730605 805773 768540
864636 805773 54219
655632 190985
608036 333911 806719
453445 72829 776936
323034 72829 306243
11631 5212
415 81884 84121
7103 3107 3864
22720 3107 81995
42856 24734
57621 59618 159227
39799 87277 13045
23691 87277 96972
104362 44642
265295 225196 381637
186787 168785 326404
229815 168785 284901
68043 52469
101442 60964 164707
91547 38077 3254
10121 38077 25987
146769 92110
25524 8987 60091
30689 27227 16574
28695 27227 10911
41592 36674
125436 371794 544919
231649 156599 320047
503528 156599 544054
414434 172676
70727 15776 87671
86108 30423 74887
70662 30423 30880
155 39704
367755 265477 422861
370674 355143 375704
286103 355143 377513
88345 235791
436978 333354 508349
448727 379949 353911
192818 379949 434826
364428 380995
316222 227641 330791
106862 95947 317139
271447 95947 11002
77409 194167
77229 135402 201923
7749 4315 109162
89764 4315 42733
163260 2518
75231 18022 221477
172211 185533 133497
159977 185533 94080
195016 135251
643067 285023 661673
168159 147009 219987
294775 147009 349772
567167 608250
660501 202986 866653
252542 395959 535806
767011 395959 21097
853825 18345
242385 171112 393451
358396 115169 182526
144071 115169 27787
85875 73717
512632 7687 822313
530169 76511 431289
184247 76511 480430
145068 673098
2481 8795 62039
61191 61207 3476
46588 61207 44309
6303 34232
16509 28705 34807
1731 21101 34062
18021 21101 2477
18116 24070
290555 177594 425419
177084 425057 134720
74279 425057 16635
44753 63538
1044 717 1493
416 555 816
143 555 555
31 598
60183 13934 116827
18681 9037 107514
7757 9037 69371
29860 51512
279615 160875 312863
256353 105365 39462
285466 105365 285507
237920 213167
618781 223007 970433
225975 337439 908598
213829 337439 759937
411905 22852
198960 173099 233923
133035 72703 169361
90566 72703 189036
171065 38590
479447 427343 594571
423620 88301 154675
470838 88301 233768
144574 226208
584769 365164 855733
638376 385895 606528
655982 385895 300869
349257 852853
1477 8811 11261
5274 9159 7969
9465 9159 3622
7724 4679
228866 111421 553991
375713 59677 495499
54181 59677 550280
451837 30419
46030 55721 136861
75938 4063 19834
37705 4063 44073
129841 13355
52742 657851 660559
245777 591295 577707
126131 591295 127754
92424 535309
40341 202637 310781
88589 107181 164069
239258 107181 269716
21306 200288
645883 410242 872611
802692 76457 293403
777971 76457 400264
60807 860735
283296 256561 540187
93107 239929 198864
396184 239929 158251
46187 138545
465 636 1213
325 763 1065
582 763 146
53 538
199119 680363 690271
288155 68617 277559
461923 68617 185358
477716 73759
88861 79600 403721
217157 397437 401192
358 397437 337501
212527 132228
10477 34271 41281
14950 23207 10018
25138 23207 1935
37878 36461
513825 124691 632941
538566 147199 58138
302902 147199 529449
427555 543635
136498 85681 147673
84474 27133 69726
100179 27133 114557
86517 112122
261745 22935 365411
303392 291001 152691
55696 291001 32080
310363 244260
5944 4314 12433
1792 8641 7890
9705 8641 6289
3044 11734
450351 29151 592589
29402 343109 319228
179422 343109 339265
185524 120670
123847 430524 505927
321783 454009 326353
69545 454009 3078
85392 276821
29999 44406 55897
41131 37559 4534
37737 37559 24999
53574 16308
242286 170677 270667
121226 179459 232618
104908 179459 131505
138268 2904
96140 110860 183451
178283 78151 104783
13893 78151 52656
82267 143156
255908 298823 614917
145077 230105 338507
108146 230105 225940
74540 472118
69352 114769 130267
94100 124181 30132
111292 124181 93817
14398 20608
115057 215029 215351
98299 1421 104687
72990 1421 171600
43506 194965
30691 140827 166363
14471 101407 94594
3403 101407 106995
97792 145901
536185 698941 935023
161564 291253 56815
389874 291253 484218
18842 588224
315056 145178 707929
208874 601745 640952
189683 601745 520443
666331 148615
18194 11260 268267
183307 188407 390
18388 188407 256685
207808 233905
152261 431619 773713
699737 338483 32337
562544 338483 320020
749672 568653
717983 829195 842447
404976 142689 652090
368261 142689 657159
535249 422130
450637 158145 529981
121362 332683 182545
323597 332683 281502
288266 230526
162552 196292 685519
513803 14399 563126
263377 14399 55587
86669 428546
389507 409391 512287
238749 68149 269018
268187 68149 457939
126788 114027
347558 241098 409711
403587 85987 110099
15423 85987 59232
307340 312427
230539 55497 263677
32949 41689 127134
25750 41689 127213
84503 62777
445470 137698 607813
297691 72137 36190
79579 72137 566631
236164 600535
15095 16032 56197
55640 2795 43145
53175 2795 19360
5069 35601
131087 268047 738403
649032 223625 308700
591677 223625 542239
420978 350388
81310 15111 223781
89468 26397 183419
199019 26397 209228
33740 94726
70813 93824 185681
163343 58029 17585
140644 58029 69568
85638 39519
190029 222482 410143
222930 76843 400635
331335 76843 243724
188007 164769
336340 272643 361723
34310 63007 208370
53412 63007 145305
41940 146057
25228 141696 879113
12337 803219 231646
104756 803219 874565
783575 599370
371677 453768 520409
431145 172813 381558
366346 172813 320487
346079 210039
53145 33090 59333
12056 9143 40196
21825 9143 49613
20098 51096
25254 64433 128983
26317 49115 22169
100925 49115 79810
102709 56463
18192 19342 109883
103165 77595 65431
53047 77595 45016
109130 61232
613185 40648 779747
302846 775075 766266
592502 775075 610961
765350 130230
252296 112430 308107
64226 132437 125888
55646 132437 236835
214870 196894
874 558 9491
2290 6221 8206
8385 6221 1269
5258 976
676049 33263 870809
406362 403341 806382
73771 403341 662065
62549 378145
128045 70145 167077
54803 75377 96987
61255 75377 40016
145811 166447
22157 41158 66947
35221 19973 28051
4213 19973 34454
25371 23408
139352 14495 470501
409388 323773 251750
183460 323773 307583
190614 132515
260191 565377 588571
337258 36931 30104
4674 36931 426267
413023 86339
198748 551110 638633
306675 378675 605647
151699 378675 94032
147609 404956
450517 580473 694087
365562 477599 591768
583975 477599 452101
220823 292862
