100
657662 442789 834143
310057 784875 802822
310117 784875 417107
463049 68608
808156 500022 923449
468286 671477 828273
70118 671477 399124
52179 693114
457218 338385 720091
270218 321719 244183
301799 321719 508422
602700 84225
97532 618027 977069
105192 125749 724923
592303 125749 785990
530557 565114
185626 479316 746233
561329 78499 445842
673346 78499 625421
392025 634353
154893 350104 651863
359031 562421 470782
78336 562421 154581
226594 551742
664109 619914 834133
288739 298409 352156
633533 298409 730791
607610 315981
40663 87588 139303
128592 48851 28674
46396 48851 83207
102686 62884
528212 272102 956633
510443 906109 413772
582373 906109 124709
715384 812301
179260 343896 590027
443722 378485 128836
142938 378485 189949
546092 467197
20228 91782 150919
49641 138913 59852
14254 138913 34401
114052 44615
171534 197443 392647
172123 162635 100581
121169 162635 222350
17309 248230
6637 461977 506893
296160 431905 46773
324049 431905 342410
361056 352580
27859 151589 211291
11752 142681 119313
136263 142681 148910
195981 171306
38421 99178 184567
147444 35087 81258
96723 35087 127339
57053 49769
389048 460741 810941
16478 780669 62941
705467 780669 160242
87358 127731
611199 290543 855683
284665 535227 250370
817540 535227 328565
367692 810279
456158 537195 668153
143250 55285 51875
659496 55285 436618
279716 163270
276043 255101 356549
69131 140479 120195
3337 140479 225282
156961 345216
81017 19749 86579
48508 69507 61280
60159 69507 6823
24644 85552
253281 393892 541763
135440 113951 11187
470539 113951 167472
264714 132180
92908 60462 374239
225593 125365 19634
36542 125365 43701
64563 34658
11765 18461 62971
35248 36881 48147
58141 36881 5194
60490 62267
580807 370377 714037
550363 369517 326470
87667 369517 365535
64990 239464
577326 132040 997589
160018 875257 859977
137933 875257 900510
723339 541621
206752 190507 438833
158836 294175 242348
222059 294175 247807
341936 389358
597 1002 1039
834 721 905
789 721 370
923 735
483475 162279 930469
473072 883973 425925
796932 883973 245858
829939 203689
72393 22016 116141
55416 19991 28255
42539 19991 70102
81335 7070
71441 180885 306331
143579 165029 273306
287437 165029 74353
235295 15479
202032 183394 268937
29810 151607 7052
185241 151607 196415
236152 115380
180467 79510 197521
194784 176419 178836
52105 176419 64843
24007 139453
71013 53800 594617
149594 50253 126428
200059 50253 113933
136399 440720
212355 52843 236779
9809 61265 211359
79603 61265 103274
166399 173225
237864 321106 511111
105351 18269 278507
191281 18269 46158
180078 240979
279 147048 205201
179556 8429 24227
76997 8429 195438
114524 6193
179702 42043 214519
68285 15587 4688
142592 15587 17659
66109 658
206488 19034 333679
196343 328805 84276
2536 328805 227375
208073 306800
228177 265666 613439
467781 172791 342733
312614 172791 195062
584746 181949
149502 24567 503123
217092 337347 494306
110997 337347 315717
159052 47792
16848 202233 206069
36860 173395 204527
189560 173395 186938
67752 155455
707658 599581 827837
514280 815923 800533
396867 815923 611248
230800 482548
351689 300175 389971
63601 342619 217555
60383 342619 84378
72920 215109
251286 96752 611939
299554 293791 271531
222256 293791 163302
561682 56448
6454 173172 296017
184507 253507 40200
48321 253507 7231
84738 282517
220342 261575 375901
41007 74447 149300
329425 74447 78141
322392 207366
37901 248810 530279
436577 107501 1978
195677 107501 117381
457441 121856
4215 233718 379549
31227 1399 331667
346640 1399 116112
304529 173371
688058 681395 819157
128433 176701 307129
180846 176701 172958
320790 326867
84757 60060 111827
83799 93791 72598
47674 93791 94303
65331 88326
179709 164925 230233
25191 216359 131825
67495 216359 8880
137372 43465
207119 286246 525839
472769 123179 314352
209726 123179 119123
216290 37362
170096 137729 990559
701859 325205 64540
816360 325205 901047
134012 739954
76398 25549 156797
108955 85813 49525
35108 85813 71638
17247 126157
849235 787857 968137
35304 586067 589787
393714 586067 639412
879324 266767
29395 4648 37853
33879 23155 5481
26124 23155 20562
25302 7377
271714 492446 551297
452407 362123 511519
335053 362123 523048
262774 86
131425 206013 238001
103018 56437 62912
28689 56437 70345
52940 43430
404414 167824 514733
345964 426701 170553
311440 426701 183986
478368 265491
20903 113614 225023
111109 81003 153978
223632 81003 95681
151788 142380
53661 765408 958121
688072 939139 726939
665196 939139 284172
576478 226749
106243 688282 762389
302512 352707 653665
445032 352707 73208
634346 701316
42946 254919 683719
515287 176195 212093
134369 176195 108064
20215 191211
284655 501824 673447
496948 321103 205746
433357 321103 3461
113877 553417
206897 210986 312209
273931 293599 168891
36788 293599 61774
107037 224913
159574 178791 220897
38297 48563 59929
183448 48563 150894
90206 135931
311096 431259 899221
395895 622673 404810
820863 622673 405507
478698 639713
993 2180 2281
789 607 706
97 607 1509
853 609
24539 495374 497551
210774 427757 374959
429477 427757 4926
152102 480067
494764 611380 929741
201688 415101 322849
458223 415101 514322
290019 423232
15350 65205 72227
3042 59559 45138
59186 59559 19991
12600 20410
469870 873198 874103
74748 287433 385053
404797 287433 311592
802524 433686
30008 262551 968641
882675 765161 116171
849366 765161 660888
3332 137998
160671 221946 475691
372083 277787 171558
204457 277787 140235
100688 157467
112193 33264 321007
246013 34733 274849
167 34733 97622
109506 177380
869345 913592 949633
207990 352537 800126
718105 352537 136479
230805 599736
392390 515320 519229
27403 471253 3630
199637 471253 452563
138279 14451
72453 36821 439519
233771 99329 270911
434235 99329 210606
384215 138046
7191 122997 281663
228564 240855 215641
91166 240855 221032
247302 102102
121052 111651 358243
4247 94385 73218
10534 94385 296503
35009 252852
144887 38765 149419
3280 107863 43432
46324 107863 31889
65919 68509
124788 12350 218923
157582 97813 10862
75080 97813 361
100647 78280
10639 11894 44453
42947 24923 12610
16605 24923 29127
13540 39388
203249 130622 389161
219401 60919 25115
336624 60919 156694
208782 340974
276267 2307 277169
45032 173919 44664
238356 173919 71905
169861 129103
241504 88513 421313
321572 134395 385314
311397 134395 159933
144650 206245
20034 17342 34129
3226 13349 9797
32537 13349 27580
24975 24648
620300 526243 712841
309059 252907 162170
84537 252907 207359
684510 21617
662105 430666 717317
334322 478575 553086
612467 478575 40147
485806 523223
58714 206247 502259
217298 216687 325440
100697 216687 422911
348878 98628
81730 26546 109211
108770 78857 8902
48917 78857 50955
86290 112
41261 69704 423557
74580 218517 398300
43382 218517 250723
244376 190330
107785 276878 427013
311725 286067 101369
323941 286067 149798
95038 56396
101983 19964 122327
107285 5145 4506
90799 5145 56931
50408 50656
2385 272506 286049
116088 49937 56181
210389 49937 64264
138076 80677
312603 28712 341749
315081 282917 321797
138694 282917 113950
330964 198519
225803 294143 647771
678 577857 605502
258456 577857 266541
149647 297147
479025 795905 845183
252698 357163 667944
730943 357163 708003
395469 397144
26970 87610 895309
306193 726619 58127
272448 726619 837442
471037 589564
334110 343935 383221
344199 60589 101794
58079 60589 98685
139249 269143
