100
490432 448862 924043
241595 181733 529560
525770 181733 726397
549917 625532
8308 19419 37619
17209 28005 24037
32365 28005 18182
6792 6599
54179 233124 248351
84170 17177 145211
63600 17177 26050
170532 28972
44254 98621 205477
27216 44387 15367
123241 44387 176694
101757 29241
42968 88593 375857
15715 307757 361432
252826 307757 61153
214804 258272
228762 657718 737059
54878 646885 690365
223888 646885 446244
394478 402156
878336 242691 986801
363160 669887 101201
622656 669887 43814
923915 506872
363081 280597 682303
497342 426823 635369
349670 426823 315016
641771 158369
1674 6143 51241
25016 4057 44424
22401 4057 12953
24794 30412
222847 133023 365699
326663 139847 40077
25448 139847 181870
180124 87562
60383 201842 554303
355265 353147 146749
363398 353147 504418
424747 267628
9730 11044 12437
1064 6839 68
2802 6839 11851
3006 6497
53800 120911 152203
124022 145807 111488
40417 145807 102909
44579 85363
64770 362247 702869
546481 428839 91543
461650 428839 446354
207884 102938
82490 199110 577757
106984 363187 371329
107648 363187 50630
305325 221299
211358 376865 560311
342570 227129 225315
143405 227129 139222
148689 397661
58835 42368 125539
109811 97837 117724
21942 97837 88481
79573 83939
196391 615379 883979
609334 116699 615448
307258 116699 272331
365415 193918
53566 207444 337069
130868 95885 278744
112702 95885 106117
308796 66772
298656 194810 415087
361641 226831 289155
40389 226831 87752
292517 389365
504051 144533 918913
423829 33409 110305
579838 33409 276920
381390 65300
720448 186374 782641
769645 153971 715324
719721 153971 675305
723251 631269
5260 18716 19157
15620 11051 18654
7289 11051 18089
8076 4037
60206 95975 180419
29585 144735 33127
149854 144735 146224
49711 82048
410524 666499 978931
282961 128641 775849
88479 128641 135930
90989 956903
227196 264696 575723
118236 16957 387372
428220 16957 535001
412339 281159
80596 38414 97861
87552 53449 20566
84943 53449 50255
66970 77790
160596 157171 166853
145698 28741 64032
145420 28741 93989
72397 148930
2180 407358 408127
129144 128345 350784
68307 128345 156493
239465 45489
20054 709175 814789
310725 68743 143982
242264 68743 674765
564311 393897
166839 652356 822113
74308 629149 199449
519532 629149 368472
692928 465461
273288 241615 293543
204745 284439 164312
158938 284439 809
217227 170929
10419 876 54013
22175 47317 3697
14187 47317 44826
4238 28362
47599 50964 77317
70687 49223 68522
67561 49223 1291
54184 38042
302963 185692 854869
211514 778357 20603
104129 778357 265740
660652 617457
398886 234569 421739
188360 267839 210600
288893 267839 323873
205955 118660
57246 22265 174137
164887 157467 94919
27508 157467 81520
623 165841
334488 130422 379787
226546 230689 274845
299975 230689 130212
29252 41937
52885 271695 487397
192531 219655 157233
390165 219655 292824
410479 368978
7603 2016 15859
2931 12221 14561
14644 12221 6918
3807 5117
542566 640926 846661
644576 298129 149245
264140 298129 751494
817198 432175
294029 53016 455353
451486 109553 175208
169953 109553 95431
108405 172016
547648 185024 733141
466544 163517 70144
554178 163517 463095
178266 678233
400317 304244 732713
358037 345523 645848
330590 345523 231655
522770 575802
246467 332751 474443
167418 168039 417319
466007 168039 28914
84787 193964
428834 227248 817409
801538 600049 503546
382945 600049 29931
153522 292689
544719 742903 994837
520157 946219 820636
643238 946219 26031
503986 512584
195123 338775 513283
273662 477725 390534
355550 477725 87311
91248 251303
2166 1327 9467
7282 1487 7381
1321 1487 6060
7977 1884
267542 78278 928223
48522 899413 155628
375847 899413 569045
366181 375552
767443 129622 991511
54394 612919 934888
33610 612919 310105
123247 654164
250705 831296 862117
40247 283211 380205
755863 283211 229388
651080 436702
138053 117041 234589
58060 225115 49207
150403 225115 208170
224774 34678
825409 235697 982573
681243 322555 268463
191495 322555 574284
494359 744230
107495 36466 177487
177018 113603 125308
86544 113603 148929
137220 33972
173840 26209 978233
60476 841937 398559
884097 841937 368836
757610 823871
75543 10849 228869
142997 201555 56640
102217 201555 125087
70823 19317
658770 174586 712631
571478 97293 157023
676510 97293 607520
573497 48091
138904 229610 387509
129020 71727 334497
333524 71727 142444
80553 50619
72570 5975 95803
28324 94181 41484
24286 94181 57119
20943 59330
45652 31959 66383
63079 21465 20290
29435 21465 1347
23676 48005
179189 469401 569369
6306 486793 314710
205888 486793 514165
517497 534679
366125 274218 389399
242066 156733 97353
150567 156733 230362
319908 141061
187032 360485 961283
378324 870151 508408
387531 870151 851501
900760 383053
203357 91198 353917
216893 252157 308581
198781 252157 123524
239130 72000
59297 557615 654233
594037 587573 412747
410610 587573 211390
181145 498460
27596 180020 239999
120768 113281 206655
59242 113281 220238
155916 238983
500869 80454 595261
495112 297119 62660
458379 297119 488329
281213 368270
466942 900217 981961
267938 103129 461736
164363 103129 94499
546733 52633
276180 313426 415253
323184 409643 76497
217924 409643 12066
104802 284645
239044 186662 423481
172723 250579 173484
42418 250579 408811
198027 190676
71047 389033 594679
322115 352337 162200
360084 352337 209137
927 57086
145331 94900 164387
105087 132311 58882
30873 132311 15941
129301 121210
409998 400047 447247
277478 95323 76358
341508 95323 308011
159953 59948
23 139593 507979
267264 282221 356854
244268 282221 131271
506038 329445
21079 304054 454673
70199 57027 309531
288260 57027 179244
147467 166110
727816 407206 830111
672489 145013 112790
454745 145013 385571
357531 349545
34998 830112 971651
453589 180911 707016
576758 180911 18099
173716 217286
246446 279127 743671
21740 367769 565993
9547 367769 35102
332463 203915
221475 622559 935023
363540 3233 607490
207805 3233 513423
456087 445165
100761 105545 329089
104703 150011 306148
55609 150011 270189
111718 31747
367083 412904 704713
250819 353149 568657
613121 353149 84528
391664 28556
44098 97125 577537
558963 84263 177784
122615 84263 415917
547227 156978
15318 12630 39877
26790 16775 37216
39494 16775 729
19197 31241
697894 325075 732709
322201 132029 618943
438651 132029 333672
598817 504548
256748 168374 458179
198926 350051 13201
396943 350051 264428
340680 417929
2467 7748 15199
6507 3047 595
8811 3047 9846
7655 12167
200627 225229 676339
49372 136537 129936
651441 136537 31475
95621 256305
210683 56787 289897
93393 164191 72890
178012 164191 269461
268040 192255
262833 125081 294751
85502 124813 44816
281927 124813 291339
261821 148208
319193 130384 326831
150785 126151 132451
310104 126151 247130
291259 7586
294681 37850 577009
404558 573491 300046
411182 573491 102587
354859 409123
65509 91754 96443
16031 25581 78748
82529 25581 26051
30780 20035
162507 636379 894511
367296 607007 558383
217012 607007 104922
359128 739995
151444 183585 311867
277896 179137 95214
147691 179137 142617
183938 178398
35192 52987 56003
41366 34375 50010
23199 34375 38231
1640 28666
312669 289125 871973
207060 853165 170431
147122 853165 142328
722261 394253
734025 650004 915611
500533 365847 1006
589114 365847 629189
25404 645135
29881 10232 722353
301968 689143 170574
271638 689143 112943
235678 412091
356078 153967 464801
234334 361751 217980
377657 361751 456623
419658 272025
