100
7357 12727 86351
10674 23851 35816
54193 23851 58733
76014 34025
1409 1911 5407
2407 4205 4030
1870 4205 1181
4620 207
352229 244077 389699
177427 166659 267214
285235 166659 6697
196251 367136
22796 50047 54851
13699 51881 45710
31158 51881 37701
12858 45110
168109 280628 394739
69481 177163 369561
132636 177163 92658
170298 274079
302587 469216 573487
532725 444589 183292
253184 444589 74939
164061 54957
22536 60497 228733
225990 46639 190135
166716 46639 180354
168778 70936
19304 21221 42299
22336 20031 2134
37206 20031 7151
34363 34027
305289 563488 934981
689224 503989 607366
288589 503989 369819
678556 122585
62183 331098 508021
28613 477877 362527
169039 477877 283160
281931 3949
2604 17266 177839
98047 121665 18036
101076 121665 74935
88550 98640
573882 8694 740329
447329 530219 299817
178813 530219 119972
193237 341273
572950 614229 706763
514512 218809 133916
445027 218809 375755
434409 12845
290737 54478 293681
289043 11683 143186
197273 11683 172123
50802 235030
68946 65837 203207
31341 39001 177267
129817 39001 54296
192370 59958
248969 667898 668513
277394 238103 274534
137277 238103 553591
438873 506867
198635 484995 637003
229342 501491 531983
49034 501491 600940
38488 377640
403317 437544 672079
654883 6185 419429
612053 6185 598818
428265 592711
47781 74490 243781
63519 53843 191441
30520 53843 147804
169907 13897
487399 116502 551219
274420 204629 461660
477773 204629 277273
476823 128800
44275 522321 687787
167662 77273 340583
192014 77273 576162
575835 561420
358936 247278 509689
142247 157417 508688
446583 157417 290191
425353 238901
225264 697754 912727
6709 396845 379401
224504 396845 595448
390117 21529
491687 674766 832063
752482 828725 286264
713725 828725 805589
634829 603243
451093 384205 495947
277939 348443 1057
399835 348443 352670
133682 121702
601109 327612 868123
677563 53717 313326
624732 53717 846727
755925 447962
293936 74706 345019
155170 93355 52752
285108 93355 74113
103085 212179
3402 27308 49523
19562 21013 6032
10720 21013 39507
43578 7463
58647 127350 134639
49474 42137 67645
108871 42137 110570
78224 741
495045 203933 840859
355500 788347 503554
141597 788347 649379
481700 742818
352493 420252 716531
310680 382317 78967
18271 382317 341426
612845 218306
650616 227075 692287
232928 70111 354195
113527 70111 385510
497649 420495
113638 16293 153871
35083 4471 75917
74810 4471 55248
45100 138457
203585 378933 415061
253620 373509 130152
386007 373509 40171
297049 272447
92764 211357 218213
13743 43551 207845
66360 43551 63132
89981 112077
109221 318358 758987
314042 707331 500027
112699 707331 194258
589522 258692
58493 552998 910883
632822 784131 496924
482472 784131 604459
510389 427817
550597 205703 609179
265836 4281 359822
413299 4281 356559
457402 409376
11139 343049 492731
162169 222353 143334
1906 222353 441195
335848 29949
390123 378252 443231
289060 332991 360109
280606 332991 280316
216403 227130
552510 191393 723263
641849 226811 175024
209744 226811 631823
148244 347212
154087 100347 192047
89431 26269 55964
80688 26269 134645
13191 63319
5447 4200 8017
5816 1079 5224
2302 1079 2651
6508 436
575292 130970 815831
311897 764483 466361
259318 764483 375878
160297 152831
57138 39011 91081
35592 35771 14744
82368 35771 325
86373 67753
77908 297074 329089
170435 11135 244031
189565 11135 90118
150502 110529
568168 415208 699007
449759 423361 372103
524993 423361 135912
275236 437160
635517 390640 849539
186982 703313 369070
145508 703313 708501
451192 320010
606057 452381 692347
449433 73603 636342
439639 73603 189259
498379 470218
100150 44720 157667
155167 67773 52345
80213 67773 43884
66695 84297
205925 167070 440009
135622 182679 37183
26025 182679 385718
92030 9325
86073 77255 165883
100406 145811 14969
21460 145811 143914
116494 111994
382885 792420 968141
174639 21509 301032
841988 21509 540215
768415 500698
173093 212919 363767
250102 127219 66693
46922 127219 353514
220176 318340
580073 584968 660271
112976 394741 341353
300693 394741 96846
35341 615083
158316 81985 359171
203458 2501 210475
185767 2501 263436
285292 215426
397065 210813 412487
326771 331061 119646
3103 331061 289897
57581 263181
263666 65849 833117
23771 278507 2555
756616 278507 252798
629983 69284
415181 544198 596257
334411 374545 523278
364381 374545 297091
521423 181861
440330 330148 511387
252039 222707 116690
328838 222707 115195
102070 428299
55551 23304 167663
159548 79149 63260
32219 79149 13633
31560 14286
401273 110586 467119
403175 192355 190119
284648 192355 236260
336792 28536
87004 258987 671131
423176 55753 298004
665826 55753 149047
258383 480721
62166 422729 690721
541194 12103 349364
430606 12103 452815
369746 674078
202566 381533 981209
805195 304415 359414
653465 304415 87905
767654 395404
704990 545687 833033
644105 2533 427940
501679 2533 381345
134290 819554
612403 530853 923453
175834 295071 660662
220923 295071 591231
787940 224275
65148 125538 154747
103705 117229 14670
110685 117229 71923
74553 42272
381387 243891 445747
73086 243917 11002
376380 243917 297027
313923 284581
506826 484331 940949
768883 164343 569628
1901 164343 358789
632868 733978
105993 15141 585737
84639 359741 459776
39044 359741 375057
427578 266327
2807 13165 14033
6598 9271 9856
13354 9271 13025
2962 8085
74650 122624 137359
117058 75323 1517
27099 75323 12066
91865 34583
432733 201652 958319
419203 857941 390791
30281 857941 687870
912111 603683
304939 64262 401909
307687 52399 192810
353364 52399 103217
359519 109172
20914 92840 124459
3579 32975 99104
49442 32975 15277
69165 30229
46478 128307 142237
111394 76823 90444
30871 76823 70715
10005 7440
32160 19630 67993
12515 59165 13179
34155 59165 50420
66316 62385
530964 892875 920291
617368 542891 312887
715710 542891 429278
596412 627509
101088 576699 609407
371041 103969 329745
208775 103969 277310
9893 335895
20388 53441 110587
20019 70267 105120
86089 70267 34913
31208 70492
14251 68362 241559
155198 146393 119226
206847 146393 150623
96478 56773
912884 165835 917887
543729 206965 272383
97440 206965 193760
418318 60651
712533 643514 833429
129881 188111 119159
284345 188111 151444
67315 466821
378187 652614 980689
641312 343133 871726
99879 343133 918401
817681 676632
406776 309913 574699
291727 186817 316531
376225 186817 208136
182246 515548
67415 2791 141719
12844 116951 57816
117823 116951 73537
133605 127214
3 1310 2371
2010 2039 398
2209 2039 687
1354 2086
535174 373746 721909
395184 569285 225992
55051 569285 720873
273517 193353
899733 577776 930289
211040 266389 475679
390041 266389 188908
849607 325185
25602 198416 811931
407173 498671 767585
199633 498671 175858
340431 173141
344254 612152 923179
206228 628589 55594
760585 628589 873227
295872 725393
723066 173727 903389
264213 740189 598031
562383 740189 449332
376446 112544
664370 794933 799523
299262 692177 176469
562373 692177 201080
667304 650607
52328 79217 402527
31239 78721 112928
64655 78721 134881
264292 257735
129130 337472 808751
65269 175953 455624
701629 175953 630607
133199 252576
289986 99492 439709
436560 177107 407733
366844 177107 157928
426692 291018
408827 124632 738757
179508 15091 660849
252876 15091 306076
533100 435636
414567 97665 778201
650295 76399 230540
535372 76399 15561
367057 542846
136688 242685 529117
365271 273859 375414
196302 273859 218791
207419 36081
