100
368953 9232 666557
190581 12505 108246
327569 12505 80937
140633 457930
22366 41619 114601
47089 12191 73179
112658 12191 104828
50757 78766
424551 286506 564133
452467 159871 537834
525805 159871 234025
513944 323460
37997 465153 524683
413479 435397 388983
15010 435397 490052
22978 4493
214097 214310 226753
147217 51997 204218
147408 51997 167605
218202 115948
277443 318951 422911
339390 387877 244024
90548 387877 115043
290947 48932
260642 329526 416147
154400 68815 399864
220722 68815 327901
171224 219936
17858 11305 22433
22304 17899 14341
11424 17899 8378
20315 8727
323880 139567 591431
168371 256169 512120
551731 256169 453919
558921 14596
172825 287984 728003
574766 447563 190550
326700 447563 24237
644328 549371
4196 298142 305231
277615 86559 240216
25489 86559 2129
237226 7349
75976 9798 348083
85991 42949 101655
41916 42949 155676
93285 288168
58129 10874 239069
231803 91687 170369
172552 91687 215448
49418 181344
466983 244101 794641
734312 195647 143656
542372 195647 170993
155428 374374
663336 415171 904531
285906 107971 808879
490301 107971 710582
496226 546469
822132 368310 855667
300159 662833 584833
352611 662833 489308
514923 426087
136162 381146 517079
236226 77411 122185
500319 77411 371128
293889 70180
93391 237618 282851
139695 227577 60494
49664 227577 274297
244253 15868
252183 202400 319211
316991 212011 226156
247605 212011 66465
278734 290986
276955 191870 509329
415416 163969 658
249507 163969 129239
137816 150882
111961 321831 805267
746481 491539 511333
263546 491539 146214
449341 375535
74181 98723 329419
195328 170999 294376
234949 170999 28835
295840 58467
77374 233000 329779
102287 113453 99837
86902 113453 24466
203323 146409
202586 104857 508919
128694 413765 291050
158160 413765 362577
407392 346317
297302 339168 581443
436977 130477 269220
155446 130477 208867
317784 295155
76616 187306 263591
182220 130871 86883
126949 130871 199546
162387 213386
202351 62443 254747
122498 102185 254469
226793 102185 10106
182263 45165
11261 181272 320237
116299 240777 119071
271435 240777 20384
98480 78686
571577 584718 668903
57856 221833 607764
467154 221833 402417
561956 410378
204119 76245 328333
292965 213709 74830
111729 213709 27353
120158 83033
471779 395420 766387
204314 485495 60683
27014 485495 283164
177474 636617
530035 112176 728953
695147 624497 697055
500244 624497 150316
333363 519129
765915 630421 885889
252701 133903 393816
871397 133903 819107
700780 187488
802743 722715 995081
782665 537717 312591
157157 537717 632728
656046 835342
29510 31183 796009
43861 764867 462646
264632 764867 270239
701345 755776
396022 588576 650759
504832 245953 265338
49988 245953 130057
180801 531640
245999 186455 418849
221557 98377 373687
233528 98377 292052
344714 294948
66759 42226 130489
82516 15155 49
14088 15155 123714
56082 77591
60808 216561 315671
310353 79603 11348
72129 79603 195391
82894 264492
28517 47298 112603
71210 49129 106635
35046 49129 9976
53382 19643
115971 35697 230761
22159 3871 13508
224659 3871 213591
163185 207881
775631 857039 971639
429357 943827 25136
684341 943827 525837
190513 416536
93086 135086 235591
159600 106901 62780
33735 106901 217363
205698 46788
56422 87809 146849
59583 146725 3256
101941 146725 128691
49881 80713
149534 292941 485021
20472 314601 62807
60456 314601 161700
277208 45711
76667 39521 239069
170898 17647 146801
34125 17647 207930
225689 189334
164404 63252 201947
79933 9735 20332
176628 9735 121887
55010 133374
439469 13777 814943
182676 515995 433756
373409 515995 775343
380624 596966
415199 205635 791971
104377 301457 633820
120715 301457 367859
636555 49035
48708 34925 96893
38865 31329 19792
48567 31329 57327
37710 72958
39391 396274 543253
18755 249301 38170
273398 249301 113033
453705 55603
339704 331741 573497
262658 168215 427983
495506 168215 42028
452134 557865
107744 77997 513481
429013 255769 366322
293927 255769 424091
136662 38440
24082 44537 360989
299022 201415 252790
299888 201415 267711
358876 178625
277219 112637 389057
163272 211165 156868
240054 211165 94197
92634 168084
3795 159535 186689
116913 66141 144348
173855 66141 25949
63348 128043
104998 50931 114269
76535 40157 107829
108236 40157 69878
16224 25030
608872 158794 928651
611509 596177 467839
860729 596177 693272
69913 563991
5220 38339 325607
325416 135651 143766
19675 135651 231161
28021 76215
181635 119093 295541
51485 180563 212341
40296 180563 242108
258682 201728
211873 88719 403063
292638 274049 91099
238325 274049 359952
51078 176980
6847 796 8803
6803 5665 7710
2953 5665 5777
5647 7863
93379 229975 406327
199364 10811 373721
21536 10811 77814
203248 282197
15305 97997 122011
92441 84523 25341
59975 84523 51574
102446 115028
432742 170429 595003
23611 262375 473684
143185 262375 158529
130817 448573
614771 165368 654233
160160 442923 518295
237664 442923 291178
161244 68227
20339 55267 71761
11892 61903 45903
39573 61903 29794
63322 44644
614723 819800 822553
626623 809917 68284
281039 809917 297297
781111 649961
90075 73580 118057
19847 55601 21875
71290 55601 114910
99671 92485
685233 626810 998399
854235 344075 522492
163726 344075 962765
634771 275382
5729 182315 224951
82499 134669 105951
31379 134669 138778
207683 210146
174039 259885 496313
269824 8783 190000
419100 8783 365947
193272 6106
100058 150728 668579
570248 427533 291861
387800 427533 539330
530797 598094
93434 372317 473549
189748 452739 146582
300022 452739 114193
188692 264406
645295 656600 937577
423478 99369 286229
287585 99369 751864
88275 587795
520641 46613 606031
120383 6823 558817
468583 6823 502758
484699 586911
464418 346948 789941
466960 356793 209643
137886 356793 788116
474871 535077
101935 135419 242171
183643 31583 81759
198017 31583 110700
14132 127899
375728 224997 572909
360471 534561 170107
107088 534561 194750
121574 265906
242351 371019 570827
467769 234439 193957
134684 234439 535524
20793 13924
775656 155617 996067
796642 369665 912493
194138 369665 833034
23455 754721
403580 21966 976013
618053 109843 670261
771464 109843 409364
239853 660960
114733 197124 292027
83839 186253 18657
17280 186253 36380
161896 111164
493674 40270 898663
127846 604159 379746
875887 604159 410987
655694 78713
171540 384826 585023
118845 375217 45719
93375 375217 379048
26461 308064
2905 12284 18743
3417 15241 14051
681 15241 14140
15043 18669
79615 179447 319259
23512 132407 277820
145512 132407 182985
283908 6254
58360 263996 421891
1225 412357 252086
303357 412357 167403
5856 284429
556184 95579 652279
417332 143695 63682
369461 143695 541407
75209 100222
277005 341938 429101
79858 293327 320756
412503 293327 86985
214076 83312
20844 188622 617119
405081 437417 187149
486175 437417 276034
30727 221152
294095 225031 354251
100345 121713 81524
63058 121713 157135
204867 336569
157607 43564 246577
90649 20327 75034
192575 20327 37509
190979 105703
100211 93142 123911
72273 32137 51105
116006 32137 5558
83487 38191
154701 7676 496913
67213 320687 202046
374719 320687 199813
4721 416180
30635 262345 390487
114825 181313 224394
52177 181313 175039
117506 278000
54065 318005 427859
65981 184547 392710
16710 184547 59097
349119 218755
194756 204799 477383
413947 146605 45212
209883 146605 316815
86552 152338
414287 383202 579199
325479 368953 103512
363931 368953 457951
139788 164064
270803 259820 299623
150228 81563 230572
275475 81563 12891
91545 229332
