100
77129 106107 275729
246252 221821 199883
77931 221821 167458
129744 196593
170166 407468 813931
779866 291637 313275
179639 291637 331942
342149 439490
97719 84607 117017
28940 17165 48829
5497 17165 101558
40038 87871
313816 319823 470263
443208 44285 78315
423423 44285 340142
76029 297730
620878 491368 645647
472500 18309 187382
204683 18309 178045
251101 451050
23513 413778 571903
455136 318793 28322
468035 318793 552937
482932 133739
39829 40508 49993
45932 45001 43586
4203 45001 12147
15886 9174
424808 643732 893359
824051 558283 552263
233354 558283 754426
104776 684679
123052 293007 348883
257155 271873 163758
259149 271873 339899
108266 279314
378602 141980 465379
294631 205679 453286
371891 205679 414693
250387 146540
17204 32912 46889
15112 28205 31881
28491 28205 3718
20973 33074
316391 53795 325421
5246 298083 242635
61666 298083 35398
36639 7620
664113 7128 815897
704099 778563 130535
668530 778563 633696
193297 17921
68328 244071 293221
211417 115519 202821
82537 115519 142874
290534 103386
83637 44053 173087
105266 2915 19479
95065 2915 83910
28737 24880
2314 475065 590713
262478 296195 556426
509964 296195 333783
580990 320813
239944 750577 765181
473378 476561 99525
477974 476561 556586
623129 232860
97901 487348 855203
423322 715831 372913
412544 715831 64504
171049 804537
260091 147329 631223
398209 233605 131824
496778 233605 120353
207444 577497
59244 20504 145903
72949 13303 60118
44531 13303 131727
77240 142267
242354 28167 351269
217230 110477 229586
46536 110477 8227
192541 58647
395824 265866 425501
221051 235503 308997
242462 235503 101178
11308 100901
162819 511456 527173
467195 361441 290427
43524 361441 189710
479746 135838
86534 9344 441839
157623 124611 146307
314553 124611 177618
15691 54594
162510 78512 582601
428065 125777 379641
220444 125777 564572
252946 299211
305802 501590 632669
611151 557021 404441
111884 557021 129278
4291 461948
250906 196261 274489
172466 84907 85735
265972 84907 176328
202622 253840
10118 25856 51859
43740 29959 37983
17709 29959 20078
20621 308
405483 554264 614219
49749 281641 285038
574949 281641 233047
172107 416223
802550 558957 995909
594785 257645 658048
616921 257645 241939
504966 873725
176360 194794 862573
589954 148351 655517
705429 148351 547234
341898 748651
101952 389762 589639
140394 568837 407407
152876 568837 329858
145580 153643
333633 590210 653711
338487 322487 109218
446017 322487 356949
605925 145256
79866 321756 975199
363848 449123 420497
718069 449123 36936
961739 97832
119581 76621 153421
43962 65069 80160
135237 65069 87851
134942 44896
36304 4460 68447
44660 44181 66973
57111 44181 37912
59362 16000
45078 419874 564593
340619 412649 237359
419927 412649 10574
71880 551890
228018 707480 848851
539510 79991 111673
410074 79991 795434
481099 428257
11673 26794 89533
4863 25985 75795
66594 25985 21298
33617 23965
262657 351553 778051
578973 759749 317374
549959 759749 26441
297524 149900
537277 123295 570961
433506 294719 13536
80522 294719 281263
358443 340388
256246 15667 413689
56884 275323 148539
360207 275323 286222
281285 192310
184931 278105 360071
72836 162569 342991
338147 162569 321144
2063 291257
107419 239350 961529
330446 456155 534412
32800 456155 320649
573407 76318
41102 73775 89387
42911 41165 64998
65884 41165 15117
14164 1100
163061 137865 177763
106890 99583 140071
54669 99583 149424
177586 111276
520163 105725 811819
160947 702839 18856
473590 702839 161091
342895 459669
348248 291859 706883
486382 693249 455210
297987 693249 280659
27512 99135
753675 124439 987713
147191 795599 891099
28998 795599 533348
924186 785331
387896 674197 984167
11516 785649 274387
692074 785649 409892
786440 352089
12325 19820 30859
15624 3715 23655
9637 3715 23066
1694 11260
29713 19754 41023
40693 2429 8101
26817 2429 26702
38117 27793
117187 133571 200297
54569 93005 139396
187445 93005 169211
120379 97511
92352 141840 475907
190151 63043 87151
458272 63043 77142
221474 58303
415149 24682 490771
54702 430067 112058
309817 430067 89727
271979 400046
23677 44018 169859
9319 28947 45414
101450 28947 108237
60607 162837
135985 105840 278767
70623 203377 38649
220280 203377 116752
225534 70778
20426 28866 29671
13018 9097 4450
15039 9097 10181
6463 17184
398333 12658 617471
559297 310559 260535
563125 310559 246846
576794 4367
500809 100713 894997
366786 50375 46408
565144 50375 818487
772864 379186
7975 54428 60661
38459 20197 56507
53683 20197 53590
28335 32598
51720 92095 142757
62815 108185 1695
74636 108185 135802
105706 119953
275536 115898 284269
23721 139153 171791
18015 139153 49510
43244 117159
45659 252286 676031
430249 639063 519935
291533 639063 35058
492231 669301
167047 138503 535487
445948 10541 284449
392768 10541 212218
346882 190685
726318 389835 772619
611741 356221 504064
9291 356221 434833
108917 170776
33931 67682 323933
18818 31249 304447
271952 31249 73820
255531 288290
339928 404210 420191
86341 254539 341414
336595 254539 415663
221541 96009
232696 95319 423403
52096 23519 279018
394335 23519 88015
363082 59691
349449 841723 907909
218579 740269 68075
339969 740269 452524
420037 417314
22880 4185 25801
7330 16367 2274
766 16367 11957
12624 4098
212937 115524 447943
17740 137389 129978
114601 137389 17545
62618 67111
22807 10083 24733
8383 20635 14733
20665 20635 350
8842 20289
497912 512708 723761
675086 473829 505187
343480 473829 660346
17179 393436
19085 34268 36793
27888 26783 24707
12739 26783 444
24153 35892
114984 203814 488009
316983 174139 162437
444177 174139 33274
473171 425980
717528 821632 930119
654191 363215 109169
85618 363215 561184
237738 590937
30827 8424 57179
23294 11755 32142
9746 11755 28429
39332 45852
138076 775180 915757
255137 336131 19022
662100 336131 738829
165926 777766
201796 148343 297893
208191 8527 35490
165849 8527 114725
46286 141834
15477 119772 647627
408154 77359 293213
373306 77359 349986
621204 327060
141619 182085 300623
282023 185779 156134
187281 185779 10017
86392 228355
223303 146218 571211
532271 409681 136461
185005 409681 424108
131155 153395
149229 18480 248477
201823 40823 69067
211973 40823 84582
203935 209264
295772 533316 626723
477136 472735 306288
251043 472735 216667
111432 538608
118465 64976 953243
817432 43293 505412
853888 43293 295795
509364 562041
28966 87868 117203
97884 5395 59785
11363 5395 260
86466 68968
166790 553803 840353
280001 408837 110596
391828 408837 646431
733757 232813
38635 438157 862573
434459 244315 594840
545964 244315 557387
446962 529625
65325 149634 201037
57502 3307 126738
176845 3307 199871
145601 199997
3483 17 4621
2022 3259 1515
2007 3259 2408
4173 2870
251506 44921 480419
325285 209227 188231
167933 209227 365192
3462 348136
194195 124100 220373
166133 202765 210
38242 202765 50407
32662 172317
458286 111955 882593
718942 111105 427461
355640 111105 196600
602700 215720
88851 277642 470927
435884 37401 30888
438401 37401 185653
444295 236302
413957 186758 553013
102967 285267 513362
425553 285267 282127
502367 300234
31105 31967 36571
29847 16421 20138
3404 16421 1011
13105 36152
159554 305590 605071
469528 294931 555535
40390 294931 394172
244716 19878
159449 76084 369071
247763 304341 195980
104395 304341 311757
293973 65988
22020 182727 313567
30984 222595 123148
212454 222595 235503
28231 281334
