100
577208 523730 991999
192838 808175 526337
475649 808175 395928
462454 431090
758 647 839
657 149 314
748 149 775
314 111
190528 570360 612383
364737 297175 359772
517103 297175 474143
471002 17477
133628 88035 559739
145791 359491 361127
459089 359491 409820
398084 231610
39992 332461 404381
350649 178269 376668
119094 178269 96921
162539 322161
297942 484601 662083
58835 58049 601028
570398 58049 180031
316830 148065
212607 487703 703679
131312 393869 247268
481650 393869 303635
637417 647407
47979 116674 188941
84935 94319 13865
140784 94319 123348
53691 124738
18707 74858 881473
695255 679867 500094
58032 679867 122537
500326 755997
609764 62464 883621
170549 836239 833
135070 836239 828112
433566 36850
22062 743117 759457
339559 532655 424624
426659 532655 605621
470646 456754
263242 247506 282097
23737 122921 224410
103499 122921 118259
12776 161278
720524 651681 755239
532789 393953 264776
577534 393953 730051
415136 266446
197609 380662 678599
374018 639975 78250
341564 639975 257387
197790 168394
50340 41221 359449
92915 338695 95313
59990 338695 272458
25032 313220
503590 377800 759923
93561 486123 560577
183755 486123 2784
113474 413716
114972 43086 226823
97648 112691 17653
30747 112691 63230
109988 123032
92876 164397 249563
49613 148725 239433
68687 148725 19458
48147 50512
59155 533954 554951
351525 429717 368634
436120 429717 57823
22323 20409
431353 839939 920957
583853 355105 627539
775015 355105 210036
734445 826487
135007 368256 464801
122082 87659 77748
378469 87659 4585
419120 462671
140206 124491 236449
88601 41951 38404
96138 41951 174173
30492 209016
255891 362933 690103
418863 20219 440401
553893 20219 8576
603961 330258
407043 435404 444487
268714 253187 81451
381854 253187 9920
266984 134988
361566 311997 811441
767975 542737 257413
331723 542737 532062
541390 338888
29273 70769 123817
86033 119045 121086
31434 119045 50765
108590 104157
195838 243476 386777
84049 243109 316751
205044 243109 213792
136459 342421
120923 142909 267199
11670 73103 114368
130738 73103 156979
40834 236341
4601 76268 375359
45187 270667 278773
126726 270667 219834
365219 216837
132419 75647 180239
172696 12605 7757
106360 12605 149522
26545 2318
233366 196294 255713
193295 227887 94430
15768 227887 49641
196069 57953
269988 513308 790351
173378 340751 117821
317068 340751 776220
453542 714469
427330 162685 516979
455869 289489 61120
282730 289489 162461
62155 173402
44175 12268 90641
37893 60001 63276
13256 60001 61247
2794 30329
187129 22542 398819
208849 42789 84385
17014 42789 147900
164128 222742
28017 9097 32933
22150 12115 1310
8398 12115 12291
10073 6669
739720 179105 899617
289015 15095 437680
817131 15095 549441
128451 195306
291151 499747 812183
2307 650085 748356
723147 650085 135371
390787 20696
337961 108570 483409
163283 154043 54084
446884 154043 414041
93185 179586
46354 36709 54541
19763 18037 30463
33378 18037 15992
39961 36333
384580 452428 670193
461457 410267 87557
669232 410267 342362
318162 578304
17650 25979 26029
23110 17629 21225
24179 17629 18560
5989 22938
514893 530375 649867
121382 440033 282459
295678 440033 248968
217749 79904
130079 138296 607147
502404 27809 401829
437664 27809 171668
130550 283189
65792 53102 160681
39137 55811 146937
131714 55811 41830
147932 14788
240434 320144 368189
347384 210113 312139
187655 210113 132056
197821 348749
667815 141416 685471
55504 395843 606512
645328 395843 561439
314357 15654
351388 59193 366859
269590 302095 308839
250897 302095 86450
150255 10310
25978 163076 366287
293442 345541 363732
334834 345541 231845
114802 348447
22134 21942 27827
13062 13829 24073
14020 13829 13416
3004 27264
301811 143509 778097
737923 715383 548573
473263 715383 230026
249335 668806
449304 589504 685369
32074 125681 606321
324381 125681 383434
492039 185702
102655 572252 874723
87709 43361 679811
769278 43361 466594
758728 751513
306684 73513 588649
58800 389855 199421
382354 389855 14038
482303 487801
13243 80134 146953
2095 63595 25709
140122 63595 137518
34763 131064
532176 545172 893489
311691 848053 344182
633648 848053 803925
863339 818193
5279 46332 169591
164031 5237 122827
125058 5237 93504
159743 104271
248538 59404 264949
20036 60847 232975
235145 60847 158786
187524 255964
505892 459310 639487
284040 507197 375500
593749 507197 317605
36298 497066
6305 43604 175361
97047 134121 77284
146748 134121 135201
153007 71784
664502 121129 781999
643573 334015 314933
583544 334015 741306
59198 281649
120134 157150 447841
425133 431969 154256
121850 431969 4617
380602 22692
487617 87592 537709
210817 416855 417060
221009 416855 64153
514094 135289
81342 74531 653113
515788 97639 554848
177938 97639 455021
317256 41113
178241 421346 695899
626718 182339 18931
116514 182339 67866
358443 113373
6461 16163 22441
16133 14677 2042
16072 14677 9595
12123 17092
87543 40747 112199
8174 26677 97592
8924 26677 63653
109183 78830
93712 35183 94687
17391 20293 93885
71907 20293 15590
91561 88739
276597 329670 518533
107200 133001 455641
491335 133001 299624
104369 112546
350479 399252 410477
196043 302965 121830
22098 302965 2355
210751 84339
357205 172135 467543
207899 394179 430016
345609 394179 180101
252510 304496
60265 51966 158261
132591 7427 68413
153383 7427 131190
102799 140700
29746 475738 835739
198608 190729 402307
792427 190729 85456
8486 52227
25727 16213 44389
20913 34559 10791
6029 34559 37558
35865 32657
382682 22920 410401
359294 113329 22112
47172 113329 80331
382725 137756
663586 333616 834181
494635 190037 98038
5455 190037 396725
600873 485237
175110 90934 192991
126025 153971 47503
1013 153971 128700
102106 161802
4915 321100 854419
122660 263387 498803
439038 263387 531714
450985 653353
57528 119715 140351
59713 102549 24631
5552 102549 103594
116708 38814
444203 567198 937351
553974 304429 432320
687276 304429 550239
600738 7631
517440 587044 791933
218700 770255 756705
110305 770255 380796
605615 765933
136344 23829 302647
131344 225157 70006
29919 225157 99485
163909 129344
264422 532468 867023
349708 728201 669761
648286 728201 507678
112514 591318
27631 28556 28559
4649 16991 22790
24520 16991 961
25736 12280
185431 316299 698591
523989 656329 670267
29152 656329 486894
446369 41408
243637 83546 396239
166709 145813 40302
163319 145813 345255
291229 193384
616743 629428 738341
690797 297253 21320
2823 297253 554013
68517 497955
19525 20921 58337
28490 49927 37976
12005 49927 36291
16364 30338
400936 685248 730679
94883 691709 16291
436786 691709 682366
519846 236352
306812 48984 329677
2470 124507 211170
187027 124507 235343
309308 4250
566181 381199 571157
70794 568675 569020
418190 568675 93927
197934 352068
540436 863040 928409
60446 757317 336389
61647 757317 700528
676744 296286
216803 420424 570161
466277 91883 418683
312691 91883 380522
305643 383960
583177 299256 639361
539322 144469 593160
324841 144469 147589
335955 614783
182926 192425 945577
214844 331537 505108
293796 331537 441735
837567 415863
782172 39707 847201
183010 412861 697342
345972 412861 538631
47636 706153
62560 97416 474143
429750 318665 24269
62355 318665 371114
113266 261257
567095 81897 921373
433030 712031 5673
369037 712031 654254
324748 62953
186854 57511 195593
187362 96977 47841
172980 96977 60158
9414 140120
341171 28026 461051
27659 64671 46335
339525 64671 357364
56352 288874
