100
501969 851269 911219
139271 900037 389048
255868 900037 253797
97298 551190
171690 55470 232079
208524 25097 180260
112574 25097 39731
167262 183894
146829 67149 201101
20049 40961 6032
171102 40961 126493
47278 56391
251988 799913 961789
898770 294763 744370
901662 294763 710649
835989 680120
135716 141680 143881
72107 68071 60992
49238 68071 12223
106525 117651
91679 171263 470903
462583 219481 145214
396020 219481 201977
161777 297372
424365 272457 599803
49468 590333 346791
303074 590333 473144
205965 301547
15929 54282 77813
9225 47353 3991
34310 47353 5982
69253 8199
48350 31266 68927
49159 32275 24724
57479 32275 5563
40303 4701
83353 56143 766177
40733 58769 316115
738586 58769 560532
424603 543137
71357 102472 102643
74411 73163 58697
39832 73163 42342
77726 39728
423823 79852 475907
121029 128751 178247
318840 128751 331960
344575 369144
155840 159489 249737
37332 135323 47753
96967 135323 222166
185238 150912
818485 913894 936181
690849 603307 690531
572037 603307 742930
217423 87376
93138 169363 389897
115219 801 330328
42942 801 209393
355902 168689
712086 797698 837071
331183 523221 728891
620800 523221 758678
620756 2750
193134 759973 769387
761143 14819 32955
648035 14819 127420
622697 633978
342942 4486 419777
304372 359479 104565
247328 359479 309484
103152 171262
241086 16002 638327
316108 176127 511376
586664 176127 404411
60091 236150
223029 31322 257381
126918 251149 38311
179976 251149 227718
128141 52481
189526 554951 599281
207739 199559 329610
100076 199559 362081
370797 24656
254985 647206 683863
169914 184661 573087
34769 184661 27118
597633 408177
11980 566327 654539
420849 267373 120982
230659 267373 403781
528534 60367
273258 184936 275389
188559 16561 96604
138078 16561 41541
191466 187451
209608 256296 374641
157123 174749 114810
274806 174749 51347
16754 301621
263405 651029 691949
363729 20855 361294
119193 20855 53103
679224 203861
571845 504688 736097
529880 724089 173514
422506 724089 341361
151861 18506
286088 145513 358903
326710 263071 233344
306105 263071 336035
13175 101195
141912 144113 161783
117994 104707 115819
40162 104707 78786
74849 22725
11923 29205 36713
9804 24039 14473
36492 24039 10934
25471 11319
194675 491782 937031
60587 270311 858363
230214 270311 442930
881182 7432
794479 466275 994699
723115 476363 484988
265001 476363 984301
643524 488651
101843 20880 232357
153485 43609 124616
189808 43609 98977
36291 129832
24243 90385 125423
82208 125135 33907
107167 125135 115328
65018 95106
468763 482255 844777
752492 608575 764209
78336 608575 669060
631487 227875
239353 83482 279557
205954 216475 279281
171364 216475 89866
147111 59700
87121 24982 137519
89648 76301 28272
129207 76301 80887
86173 117747
111703 52343 252533
58986 89661 131559
121110 89661 137652
61367 165774
136090 144784 252001
116497 130259 108092
195711 130259 13549
226534 207550
407290 262464 755809
571522 409921 599407
82360 409921 278778
117330 226970
170657 92698 322709
220683 302773 242800
161024 302773 11821
271005 223121
46818 11048 54499
9384 46967 29564
11037 46967 36385
17609 4305
290097 191121 432503
397820 207273 424307
275957 207273 303982
190094 382626
24946 13780 99991
57566 17927 62152
67181 17927 45855
55330 56869
36303 372403 385001
200896 195183 173958
3267 195183 272061
265830 235685
548992 503316 627859
249935 421711 242019
9569 421711 85244
543422 275518
130736 161163 249059
46197 35321 234118
97054 35321 27847
147872 195879
125320 160956 892919
77280 569399 659818
396841 569399 766855
266750 631410
92639 555668 778201
451914 261509 237624
490028 261509 119831
594153 161876
116879 319919 908183
159973 694253 706394
332211 694253 148207
585495 381466
321830 481532 763157
547357 599591 251909
690201 599591 741328
194998 654086
43445 33508 44119
43821 36343 22314
23653 36343 6347
26711 31686
25953 10520 50593
28360 20293 26848
13187 20293 23921
44740 3131
259297 331153 409099
393086 51863 347883
163655 51863 222596
371546 207845
409698 138845 504797
376949 354227 391400
354724 354227 128167
211053 424002
223483 254197 326219
303859 186729 83425
182534 186729 92318
263314 100543
838775 454390 899387
361740 870895 681006
805621 870895 111485
876103 702512
57508 17423 63611
35584 3983 51393
28373 3983 61002
16267 59066
237304 428197 537307
198437 223241 427228
459159 223241 50289
459520 325604
33973 35188 36979
21523 23137 20606
11650 23137 25725
11136 10474
49517 734954 764903
215291 240041 281733
738895 240041 413994
701269 59892
21019 213861 285997
143404 230627 27257
175447 230627 42538
37175 49000
798184 736026 833281
433187 309409 607613
183676 309409 487884
782398 267057
189384 253452 307019
304499 261831 152478
219867 261831 118613
55160 258091
160600 91427 192047
75806 119985 130681
50254 119985 155268
21411 71022
252577 311088 341303
271188 154529 2976
158207 154529 181529
54934 211226
2783 3650 164387
38607 97927 75026
30193 97927 91399
24054 120928
478665 206667 761597
16754 542801 296185
132426 542801 666240
708195 181248
107057 9245 125407
102079 83425 8263
91529 83425 28986
12034 107324
20891 16168 22027
13468 3181 3904
7244 3181 11313
10428 4926
193970 295037 604603
207793 137977 194304
430370 137977 289907
288423 13626
235555 224176 485101
255186 350047 298294
483511 350047 289583
441708 232252
15119 43504 139571
131382 50601 29893
91906 50601 111790
102796 1235
130296 92842 184733
13223 18215 104553
42683 18215 13334
98499 176671
87897 496236 582973
469385 537475 177281
572759 537475 161118
174824 40392
376986 122059 925291
750293 876179 56652
447444 876179 698131
23689 527236
154028 147753 980363
112323 697519 259134
626325 697519 970789
354413 497605
58635 87609 204007
106462 186089 82747
49015 186089 32534
105157 117733
337241 634346 696721
83546 365023 414027
374723 365023 199340
26233 213033
157745 114198 517261
393628 425509 422429
463397 425509 129892
9396 453863
54892 118289 295909
239692 78305 213188
206114 78305 134599
56311 182166
244313 381004 547249
485222 156323 456913
447095 156323 49946
534648 422102
62228 110990 367573
10154 18151 221210
291094 18151 178125
294338 345268
474928 8454 509449
207696 453421 226188
246430 453421 318659
478358 282857
5418 157863 254791
228359 168227 6945
250448 168227 41926
224670 93493
528070 253913 536101
101048 309323 303624
39009 309323 533107
387954 168930
494169 159495 907733
66339 145013 847937
887729 145013 401822
395736 243219
141448 255871 615151
508829 520741 231094
328373 520741 366377
256627 544907
88286 738545 956303
246610 821231 346289
49043 821231 782330
925902 196173
685980 460857 773603
742042 94653 726235
301956 94653 736506
581478 555004
325829 63876 411821
252824 358827 56423
234282 358827 1526
244162 186075
346226 135890 650543
170506 489423 593993
153111 489423 642648
217309 40454
276038 232385 350677
182937 29113 77153
50834 29113 80238
131551 222194
39905 321207 446273
105631 420599 225416
423679 420599 67221
38063 158652
149606 337007 578609
478869 21649 361282
197835 21649 19693
553987 541390
634380 358459 973459
107353 44441 558721
908615 44441 688820
825440 792633
15153 150829 309671
259723 31113 247067
70609 31113 89918
27503 15810
363076 174919 922351
284380 178367 544596
283538 178367 824495
314188 221125
53911 29010 55109
50471 28387 33005
11476 28387 43626
21759 19379
62023 46479 215563
127466 173291 188527
213642 173291 142106
56559 142397
