100
73501 87408 256643
217055 161583 12592
204980 161583 193935
33657 20864
124619 66996 152783
18967 132651 95677
53929 132651 78894
132828 131795
16042 3430 153719
122789 50751 50525
4368 50751 153442
78052 124569
770395 274797 921379
754906 664687 424018
809943 664687 661803
18898 575313
759209 931725 997279
399478 607535 571026
731827 607535 437081
86413 197061
32147 16549 33703
28797 20933 6935
23088 20933 23380
10395 29438
875085 412256 882697
319321 822079 718684
128376 822079 352485
189525 613184
222293 205578 411569
138931 349907 37402
225762 349907 49037
404807 160507
4568 1292 7243
4179 5543 3048
804 5543 4849
5157 6212
124074 72937 134789
86284 17203 117110
129739 17203 134681
63138 18678
12888 17550 33533
16373 15873 16334
12289 15873 761
30473 9963
379156 163911 402761
129388 182273 307013
371964 182273 226364
15712 263854
47025 50749 128761
7372 93359 122070
53097 93359 43607
9147 30586
388032 111252 441907
438772 404255 20072
235251 404255 384459
81589 396341
479215 253955 884881
212335 235999 796746
548580 235999 224045
21617 686061
16884 47541 86029
52235 3179 39530
58547 3179 39873
22011 23582
297188 46427 466819
103948 379055 128210
347099 379055 287575
389880 397515
67252 13761 73757
45444 54201 27298
19632 54201 27765
24403 29089
12043 130158 193057
171130 2387 47450
165771 2387 170809
81579 96738
240263 58263 779039
555747 745403 210590
609521 745403 472019
686312 163118
78186 219678 473321
427994 328039 106906
67464 328039 335729
244883 257352
32258 26107 259867
149196 254531 215990
191662 254531 131773
218919 74036
223125 598115 987739
98660 771797 949191
342948 771797 76024
834725 479246
96323 189906 202493
156802 188343 151040
24526 188343 125957
11266 84449
20436 262986 324451
141582 106363 101438
48543 106363 310365
124457 291638
71904 55337 300647
131571 240497 209776
79342 240497 201209
195848 56052
402361 382463 504937
317980 132251 48160
367830 132251 125231
387910 63443
39084 51064 63127
40225 11441 52103
6273 11441 20142
32548 54906
37330 14912 110909
35836 95385 36696
62439 95385 70053
93824 55182
249992 52669 607181
91579 58467 167755
393392 58467 278912
578295 152928
811011 754920 848213
605681 427973 767193
289257 427973 844688
669633 574551
235100 402734 489337
335016 93601 126293
274346 93601 115138
193979 370984
64048 153898 750157
749724 242779 739221
149110 242779 226202
249305 151762
714685 128679 802037
377237 743519 739344
542561 743519 717529
134370 796964
19441 36945 93811
71242 40321 71657
84939 40321 18934
49598 97
243840 480778 548407
380425 7631 67045
422971 7631 451350
47786 23556
445546 605110 953977
803033 204769 695475
906760 204769 938414
456709 395862
42443 37598 79031
30151 76411 48345
58321 76411 34274
51153 43460
223174 25183 799651
589826 523879 374648
131153 523879 51619
538545 460727
36965 296254 398119
140856 266747 5750
109689 266747 118413
194048 183405
118316 133919 316241
3449 198103 179253
254804 198103 43526
215911 259781
370838 5227 801959
59663 771399 771850
578582 771399 20103
477937 635784
64305 15044 73973
27783 69967 38968
19959 69967 39427
61532 53676
49700 480658 832889
506202 516833 73579
512340 516833 729386
578056 342902
52423 314935 347707
172535 231655 125892
303895 231655 239689
132119 72400
37494 25680 133121
100663 25279 48594
59520 25279 16625
125211 20400
302452 499203 659453
266529 21447 389080
657670 21447 376989
419551 197777
50699 41309 152767
16328 106681 128641
45864 106681 150918
97797 77881
231741 126825 337627
190752 167303 188052
42518 167303 325337
293505 69063
250662 366921 790709
314650 16319 441015
39346 16319 173688
299388 132209
16184 8078 116447
98069 25569 53226
17483 25569 98401
59536 9918
335162 29249 388789
147890 265571 191408
318696 265571 139075
376629 187535
114532 56106 130811
76919 14349 48729
24168 14349 45532
107686 29380
37943 121555 123731
118273 117529 45146
95853 117529 17327
82696 100752
460838 426021 734813
116351 505559 211604
241429 505559 605355
63506 98175
1618 18857 80153
64563 56735 78181
23694 56735 1184
65784 37616
58187 9944 305119
58103 203939 190755
214912 203939 110758
170139 155345
377105 447298 536441
387776 30629 436826
229482 30629 157319
388773 234483
21365 26639 122557
18582 72437 58568
81332 72437 69535
56154 80219
99445 204755 210913
131729 9683 154526
166516 9683 98313
168424 117684
21825 21098 429511
357577 207991 188346
175204 207991 141727
298400 60563
408529 182501 809297
500395 173879 706286
782521 173879 182181
382422 748297
34263 278390 319673
67054 210007 40530
59197 210007 128507
256124 173406
43610 90227 118423
22204 95153 76531
28127 95153 6758
44144 40822
205485 198605 242413
196357 76111 109748
15019 76111 183817
160722 50610
188093 232845 356351
320923 166129 61456
92225 166129 16779
168404 230946
21842 184783 236771
104205 24077 147575
154005 24077 2902
100752 229799
394263 33996 423043
198594 136123 140019
195893 136123 261688
305441 43311
55 18836 25087
2321 15749 12774
18307 15749 13349
18556 18231
440394 73078 516349
473732 208463 455209
385720 208463 431456
430842 12354
159482 226409 263567
41409 93259 202914
84953 93259 231857
153624 105747
278461 473210 718171
164741 494789 466939
90557 494789 320612
9159 72970
294429 274352 332641
41850 149759 34839
215657 149759 303466
174326 108326
702068 879927 927779
323801 68733 403149
674238 68733 210012
843226 575446
71445 81570 127607
54370 87667 71054
101237 87667 46173
10240 7378
287823 156800 965249
626104 517795 733770
520414 517795 387455
488377 906414
232919 783199 843901
713788 552931 806360
206428 552931 337363
323975 829588
198319 197567 397037
206522 234659 280442
323738 234659 172539
366056 374025
151483 215108 316471
76543 155321 177332
69215 155321 38803
273338 173130
69630 75288 100649
32578 20805 15930
66225 20805 62013
67537 45327
323074 485238 563357
228800 413365 420361
468864 413365 167810
261556 488473
139915 105519 327851
211431 238543 241299
163152 238543 51060
93500 134145
49688 76094 318229
288388 43255 41938
201594 43255 276525
160831 25975
37444 42584 47123
32559 43511 14729
26537 43511 44640
15205 34323
649665 150769 789571
663289 546539 474483
548763 546539 499444
666170 500808
601568 161831 741043
617627 3887 130441
704036 3887 201318
531258 628156
521099 659255 876079
799031 294499 459955
584980 294499 870942
309044 263563
76522 286525 567493
200545 383279 22194
7754 383279 12065
361283 55422
160762 164481 191899
32633 105983 180009
101995 105983 183044
28794 81167
5477 31884 33997
26111 29671 5555
11633 29671 27420
19223 18113
335034 649565 810839
164024 443183 533985
513004 443183 752102
804512 13381
44885 2937 52249
9667 39209 50963
27650 39209 45292
35413 28056
158003 129006 849203
809424 267785 622054
272828 267785 181871
710418 803392
232736 402133 809839
370878 794273 326001
365591 794273 254650
628812 508149
278761 199167 619999
355411 396053 474236
398527 396053 317569
264221 407587
529009 635348 815501
393051 88457 98793
116968 88457 475180
294142 273471
50094 371496 821833
175401 633529 77336
436374 633529 382285
564386 433705
273495 112955 914611
733233 176653 872550
592081 176653 129271
645240 238434
132477 198619 318503
107379 10525 62027
84044 10525 243366
290504 97588
15307 15899 16811
12705 6403 426
12507 6403 6955
3739 6092
